68.87298710649434,0.0,2.4830902136959025,89.07114512907363,77.62049369555399,0.0,0.0,92.34193851289044,66.25905131511826,51.919264771757064,7.320560017066737,0.0,0.0,28.6147648153922,61.71485936777327,116.0
94.02927971048106,33.64054083862138,57.3810257190438,138.54893990479152,180.0,82.265582747536,108.81460355550253,108.64226839139285,107.92778617174555,111.34771137497503,11.573539907282473,63.5362163198457,37.78321317333469,70.97082188394626,0.0,115.24346635639829
77.41701985754486,0.0,72.72136107929617,122.7389498097479,180.0,153.53488696878327,57.13878445817413,31.43952980403897,0.0,50.92315916945723,63.181385837054464,4.276984361432014,20.38118599195269,87.64724630429203,93.81357130610171,71.69817697336404
150.46632253718298,28.869724919538612,0.8733613352591281,57.997950673128486,78.09873152118165,5.339124791858708,0.0,116.0,115.58524906580165,59.74476809497285,41.093142466818506,116.0,13.501458232815482,88.58335003790974,111.5016535781127,101.84153679264199&39.96097430783994,157.35808643346797,32.33581160854352,52.18945367238502,161.83793892659864,56.32755479848677,116.0,49.05671314349967,0.0,71.40566922816649,59.04076688201751,8.609491487134003,100.11881477082045,94.4041187980882,116.0,48.80326079659455
145.27527591497048,103.31020581226645,13.117890394360202,80.88026492346451,180.0,22.185109491999732,112.21913089866524,34.232979233948505,0.0,116.0,73.25614441965391,22.80375314411017,105.72354645948636,116.0,84.71945306670851,116.0
119.41732626043175,135.12961310576551,40.57591324897158,85.94801614144485,170.93856571891564,37.82294636725318,3.3726239339886943,29.263274616535504,100.69759250711267,116.0,5.716872057341048,17.948520553180693,11.299812347556975,85.01337330499413,0.0,104.27855394829713
2.6558978707138294,0.0,34.728651895547216,152.96829600559957,116.34662869154232,180.0,0.0,0.0,58.05826045102796,0.0,43.37155405072377,40.1403550571717,20.147298020507478,0.0,75.74979325363617,116.0&12.549352164353508,0.0,0.0,165.26733894085896,139.8399366493401,180.0,1.5212562210802076,17.76284629609531,37.58008929230935,0.0,55.75565613798504,0.0,0.7488037580822322,0.0,116.0,63.202639151866954
0.0,32.18984046120315,47.541910795009656,10.17767874290918,131.04218312347683,72.42973696198126,50.434086723548546,11.79173713269244,0.0,116.0,87.49686326708988,114.28199149359493,0.0,0.0,103.5354852260958,116.0
55.99129700646276,55.60646048428082,66.51059947581362,121.0891255557444,180.0,121.22024934428178,0.0,116.0,9.881363656936003,109.23796696640811,45.76830862683911,42.80350522725091,83.87546687171819,76.2879127021812,89.38856546804351,116.0
56.92095875455115,0.0,8.72739126420808,180.0,121.56964199077174,180.0,45.805678608541626,0.0,0.0,0.0,12.774920705221703,0.0,108.24645867742007,36.85845287113092,101.16646246469631,98.71577535035006&99.84155531434214,0.0,0.0,107.54341306531231,40.299590957271334,122.23517944235104,70.32934259368778,0.0,116.0,76.54468010445804,116.0,86.86409568793823,106.37296906640391,116.0,63.70316945459369,70.11138425393196
5.9043632904302115,0.0,123.33477540590063,138.27403449179252,180.0,120.82357779767204,116.0,35.224150265354794,116.0,116.0,0.0,0.0,0.0,5.353315063616009,0.0,52.36216084020141
0.0,37.3928869565118,1.5334850093170402,95.15123945415357,128.9098981364363,77.58860339986417,76.38442135161806,12.485392153223714,6.086204068335263,25.56681216771058,23.218685932305604,48.81587960184474,88.67725456715857,116.0,0.0,116.0
0.0,0.0,0.0,28.28803917205459,121.24844074437395,180.0,70.46336688827178,0.0,0.0,0.0,76.51859134375603,55.3549900022157,12.90952088310543,0.0,30.04903736383396,116.0&9.319384057479958,0.0,46.892391084319975,180.0,180.0,39.07477273087804,0.0,5.803496442269868,95.7737370941773,116.0,27.37650451349538,35.430410796060436,90.27772768878043,0.0,116.0,114.10895239539342
57.2252800915012,1.5113866551751194,87.47268567350665,155.39808284087871,179.2734475818986,180.0,51.856182707466694,3.8340553297516653,73.16690204546882,20.183160249524057,0.0,5.056137998464414,0.0,69.20067290613414,34.07170382407664,83.26907599748472
78.0984952703932,37.36309650177735,0.0,115.5270252975685,180.0,142.79814562579466,116.0,30.96771278425031,0.0,0.0,18.368879140562967,0.0,39.33608180090852,70.44091585635792,0.5509891391898165,116.0
55.89048194296524,0.0,83.74034603568741,131.87931055925984,80.99274100676769,81.17508385641028,4.644065972717385,24.283414862909694,116.0,0.0,76.13659579174191,116.0,16.533063505459623,80.93364161588804,24.453491166733414,116.0