0.9247846603393555
0.9607990980148315
0.7820799350738525
0.8509776592254639
0.956434428691864
0.9067516326904297
0.0070085227489471436
0.9378743171691895
0.9977422952651978
0.12115478515625
0.2625269293785095
0.5
0.7377005219459534
0.018480747938156128
0.21011269092559814
0.05005502700805664
0.9775967001914978
0.7439911365509033
0.7313590049743652
0.9682294726371765
0.9450675249099731
0.31812888383865356
0.9831157922744751
0.1645554006099701
0.9167923927307129
0.7598153948783875
0.8206658959388733
0.5
0.8145629167556763
0.9824686050415039
0.12910515069961548
0.5
0.04255831241607666
0.0030029714107513428
0.9307870864868164
0.08823272585868835
0.1288694441318512
0.9400501251220703
0.8897209167480469
0.0024506449699401855
0.05924007296562195
0.06289836764335632
0.5
0.5
0.5
0.9357630014419556
0.1832731068134308
0.9925866723060608
0.900786280632019
0.5
0.25556379556655884
0.898129403591156
0.8069578409194946
0.009078383445739746
0.17994016408920288
0.7506715059280396
0.8466408252716064
0.9096433520317078
0.5
0.9303029775619507
0.9063159227371216
0.5
0.30155208706855774
0.1674422323703766
0.7934911251068115
0.23504790663719177
0.9695842266082764
0.174757719039917
0.0007176399230957031
0.5
0.27347588539123535
0.10714402794837952
0.1491868793964386
0.05903393030166626
0.006770819425582886
0.23495668172836304
0.20804187655448914
0.15993338823318481
0.014126002788543701
0.0006327629089355469
0.1983340084552765
0.08948004245758057
0.5
0.17210859060287476
0.017248034477233887
0.5
0.09607967734336853
0.03246217966079712
0.9745358228683472
0.5
0.7873228192329407
0.9680114984512329
0.8021430969238281
0.9836432933807373
0.7892748713493347
0.9573058485984802
0.9241931438446045
0.5
0.8606069087982178
0.9773879051208496
0.9386128783226013
0.21607381105422974
0.16951051354408264
0.9564487338066101
0.980614423751831
0.9653614163398743
0.20407098531723022
0.988894522190094
0.9442501068115234
0.2426629662513733
0.5
0.8344800472259521
0.780309796333313
0.12096890807151794
0.1351010501384735
0.0081368088722229
0.07937455177307129
0.1324571669101715
0.21909800171852112
0.0057524144649505615
0.14839330315589905
0.006657451391220093
0.8820608258247375
0.13634765148162842
0.014980077743530273
0.5
0.2743406295776367
0.0012274384498596191
0.03258436918258667
0.11239975690841675
0.23964205384254456
0.0031304657459259033
0.07938316464424133
0.7672980427742004
0.5
0.5
0.04650196433067322
0.09858009219169617
0.7612303495407104
0.08464977145195007
0.7228488326072693
0.9259644746780396
0.9754362106323242
0.8056768774986267
0.8197281956672668
0.9158798456192017
0.7780303359031677
0.7848666906356812
0.10857653617858887
0.8187168836593628
0.05396735668182373
0.09843814373016357
0.26718032360076904
0.05399566888809204
0.5
0.14356252551078796
0.5
0.12001582980155945
0.22633570432662964
0.025893718004226685
0.5
0.08249786496162415
0.8620387315750122
0.023858755826950073
0.0020912885665893555
0.14937174320220947
0.1709713339805603
0.14118024706840515
0.9995697736740112
0.9309918880462646
0.8821110725402832
0.9560079574584961
0.6846827268600464
0.9989748001098633
0.9569100141525269
0.9710112810134888
0.914627194404602
0.2488458752632141
0.5
0.8615917563438416
0.5
0.813423752784729
0.9482793807983398
0.9794549345970154
0.7965894937515259
0.07764026522636414
0.1995355188846588
0.9403948783874512
0.8759017586708069
0.9722906351089478
0.8652575016021729
0.9409984946250916
0.009165793657302856
0.8484888076782227
0.882614016532898
0.8999790549278259
0.9755370616912842
0.7720866203308105
0.8861773014068604
0.023795366287231445
0.04019588232040405
0.87473464012146
0.5
0.9996328353881836
0.19729536771774292
0.8543683290481567
0.8954287767410278
0.036824315786361694
0.2666918635368347
0.047845691442489624
0.9776272177696228
0.5
0.9607454538345337
0.9586740732192993
0.9825523495674133
0.9402925968170166
0.883578896522522
0.7918131351470947
0.10587698221206665
0.8938912153244019
0.16954928636550903
0.006412923336029053
0.016887933015823364
0.8008780479431152
0.012895911931991577
0.07979759573936462
0.7919343113899231
0.26808714866638184
0.9719789028167725
0.061819642782211304
0.8806556463241577
0.9312911033630371
0.14411288499832153
0.9488284587860107
0.05699166655540466
0.9971978068351746
0.8036680221557617
0.9244056940078735
0.9792051911354065
0.5
0.5
0.8888891935348511
0.9678092002868652
0.8670865297317505
0.11776816844940186
0.8103151321411133
0.7760295867919922
0.8062503337860107
0.5
0.5
0.0669269859790802
0.01143115758895874
0.9619146585464478
0.09449133276939392
0.9985018968582153
0.8912694454193115
0.9956533908843994
0.7890428304672241
0.8086867928504944
0.9020756483078003
0.03225246071815491
0.74699866771698
0.5
0.9655636548995972
0.8188228607177734
0.9069170951843262
0.8112478852272034
0.9275973439216614
0.8769180774688721
0.878975510597229
0.8532863855361938
0.9980379343032837
0.986953854560852
0.8187774419784546
0.9239448308944702
0.5
0.9852070212364197
0.7944963574409485
0.8914515376091003
0.9291785955429077
0.9612733125686646
0.8728910684585571
0.06635171175003052
0.18212786316871643
0.11327394843101501
0.7117990255355835
0.1133044958114624
0.029889315366744995
0.8646105527877808
0.04111543297767639
0.691076934337616
0.0679931640625
0.0430777370929718
0.04651796817779541
0.03597158193588257
0.05537495017051697
0.03310921788215637
0.03579825162887573
0.044886618852615356
0.003598839044570923
0.044610023498535156
0.04499596357345581
0.17902562022209167
0.5
0.5
0.0866241455078125
0.1945631504058838
0.8447862267494202
0.7645708322525024
0.8525863885879517
0.0013127624988555908
0.04791170358657837
0.03186434507369995
0.1851367950439453
0.7682802677154541
0.06676039099693298
0.0612146258354187
0.9972074627876282
0.7881860733032227
0.9487060308456421
0.13980749249458313
0.0948706865310669
0.9929627180099487
0.9554476737976074
0.9473705291748047
0.041544586420059204
0.8447161316871643
0.02672654390335083
0.816605806350708
0.8365675210952759
0.12950772047042847
0.8983160257339478
0.8579273223876953
0.9173305034637451
0.1837938129901886
0.9832919836044312
0.0627029538154602
0.8643173575401306
0.17209917306900024
0.9448082447052002
0.06179845333099365
0.8648627996444702
0.9768072962760925
0.8893080353736877
0.09780848026275635
0.14906510710716248
0.08337312936782837
0.1058603823184967
0.09097126126289368
0.9513874053955078
0.942183256149292
0.9325015544891357
0.8515027761459351
0.9714422225952148
0.18598929047584534
0.018417537212371826
0.7409066557884216
0.0644935667514801
0.11351972818374634
