0.961315
0
-0.673676
0.955303
-0.513042
-0.778723
-0.640211
0.931571
0.355063
0.937882
0.695108
0.994932
0.0
0.690598
0
-0.415418
-0.868893
0.837262
0
0
0.86997
0.542675
0
0
0.276343
0.452973
0.797989
0.819064
-0.727178
-0.355663
0.929988
0
0
0
0.480507
0
0.513622
-0.442275
0.57796
0.656147
0
0
0
0
0.475856
0
0.737339
0
0.911127
-0.601067
-0.916412
0.593648
0
0.753436
0
-0.721813
0
-0.45223
-0.866738
0
-0.900907
0.58198
0.778442
0
0.726622
0
0
0.891288
0.887359
0
-0.710401
0.562143
-0.981097
0.0
0
0
0
0
-0.470119
0.335474
0
0.505897
0.808367
-0.832683
-0.387224
-0.810899
0
-0.890096
0
0
-0.442398
0.546775
0.841716
0.584565
0.89441
0.510021
-0.842992
0.860826
0.542466
0.341903
-0.912056
0.578237
0
0.72438
0.723638
0
-0.579751
0
0
0.973412
-0.302319
0
0.679619
0.696202
0
0
0
0.751141
0
0
0.985465
0
0.995582
-0.778599
-0.638399
0
0.991347
-0.847285
0.731912
-0.571847
0.877216
-0.723505
-0.76741
0.540165
0
-0.926098
0
0
-0.457639
0.777446
-0.949474
-0.685772
0.809192
-0.851756
-0.905565
0
-0.439625
-0.481674
-0.815573
0.759326
0.787064
0.972455
0.297563
-0.415342
-0.653503
0
-0.55364
0.84292
0.604134
0
0.775729
-0.724847
-0.775
0.0
0.765498
-0.586816
0
0
-0.856695
0
0.707456
0
-0.703793
-0.85127
0.933038
0.510349
0.801042
0.856935
0
-0.758928
-0.88719
0.283609
0.926537
-0.87325
0
0.932672
0
0
0.643846
0
0.856909
0
0
-0.826497
0.857301
0
0.48028
0.987563
0
0.993489
0.949077
0.67679
0
0
0.742643
0.61564
0.59395
0.933839
-0.946967
0
0
0.680446
-0.970393
0.946036
0
0
0.666541
0
-0.968496
0.551023
0.290725
-0.559864
0.913769
0.0
0.822467
-0.521296
-0.971095
0.894766
-0.464966
-0.789111
0.896959
-0.879447
0.851441
-0.873262
0
-0.864748
0.413164
-0.790543
-0.617943
0
-0.706135
0
-0.839713
-0.955038
0
-0.501468
0
-0.693136
0
-0.914345
0
-0.910551
-0.901536
0
0
0
-0.812434
0
-0.940051
0.619599
-0.98558
-0.95577
-0.993863
-0.566456
0.577566
-0.801709
0.559078
0
0.880227
0
-0.671708
0
-0.616604
0
0.589021
0
-0.917263
0.567825
-0.784906
-0.402829
0.938991
0.495666
-0.785184
-0.548928
-0.456123
-0.774789
-0.623254
-0.709016
-0.755674
-0.884984
-0.875846
0.843308
0.6204
0
0
0
-0.709114
0.633144
-0.723369
0.474011
0.597513
0
0.837604
0.894266
0.551003
0.505167
0.600867
0
0.9348
0.973178
0
-0.904017
0
-0.979148
0
0.840966
0
0.863881
0.0
-0.524911
-0.989637
-0.827846
0
-0.88662
0
-0.796597
0.0
0
0
0
0.831651
0.372434
0.891391
-0.897476
0
0
-0.890582
0.0
0.984423
0.706427
0
0.700168
0
-0.680219
-0.439421
0
0
-0.658286
0
-0.545304
0
0
0.0
0
0.675396
-0.935221
-0.262499
0.966691
-0.719049
-0.492791
0.436102
0
0
-0.985359
0
-0.969917
0.512897
0.0
0.443098
-0.564066
-0.940235
0.738498
0.948758
0.98133
0.738156
0
0.64215
0
0
0.924498
0.712781
0
0
0
-0.893651
0.789167
0
0
0
-0.973081
0.950193
0
0.94474
0.0
-0.299072
0.0
0.872895
0
0.680041
-0.602966
0
0.55585
-0.716463
0.635473
0.592059
0.523052
0.883696
0.0
0
0
0
-0.715045
-0.92749
0.893347
0
-0.737239
0.659383
-0.385179
0.717318
-0.780955
0
0
-0.466807
0
0.84563
0
0.246948
0
0
0.887761
0.769726
-0.438976
0
-0.729212
-0.416134
0.981632
-0.3596
0
0.945824
0
0
0
0
0
0.270601
0
0
0.842851
0
0.401024
0
0
0.0
0
-0.968873
0.654569
0.74562
-0.499828
-0.767874
-0.576615
-0.917678
0
0
-0.775235
0
0
0
0
-0.8806
-0.516864
0.28349
0
0.939589
0
0
-0.857956
-0.809831
-0.658132
0
0.681668
0.910578
0
0.918922
0
0.9842
0
0.0
0
0
0
-0.659456
0
0.964324
0.236885
0
0.965149
0.808534
0.796039
-0.666999
0
0
0.502243
0.693566
0
0
0.898889
0.967022
0.998418
0.638545
0.0
-0.824181
0.864939
0.47639
-0.959502
0.792274
0.962638
-0.903153
0.878668
0
0.776263
0
0
-0.532997
0
0.691248
0.0
-0.58112
0.975508
0.975823
-0.503141
0.66477
0
0
-0.869461
0
-0.545441
-0.551037
0.864921
0
-0.772819
0.893992
0.950554
0.789239
-0.673252
0.677795
0
0
0.326239
0.642013
0
0.887879
-0.649078
0.321931
0.972403
0
0
0.927835
0.999999
-0.963483
0.987856
0.615956
0.827682
-0.824953
0
0
-0.695832
0.671499
-0.700892
0
0.9924
0
0
0.431959
-0.520956
0
0.93478
-0.911064
0.888327
0
-0.900671
-0.391946
-0.634584
-0.499761
0.818661
0.810014
0.331628
0
-0.69272
0
0.846429
0.983816
0.76073
0.719907
0
0
-0.342998
0.691118
-0.676057
0.495423
0.0
-0.311887
0.905318
0.914908
-0.654331
0.698083
0
0.650134
-0.753209
0
0
0
-0.655349
-0.595898
-0.648456
0.786911
-0.920815
0
-0.516314
0.905342
0.391416
-0.737152
0.0
0
0
0
0.477708
-0.43966
0
0.828143
-0.767862
0.0
0
0
-0.503106
0
0.992886
0
-0.524493
0.0
0.97149
0
0.73942
0.763385
0.973918
0.880159
0.573761
0
0
0
0
-0.71856
0.690789
-0.614912
0.993175
-0.640532
0
0.988367
0
0.868907
0.373982
0.0
0.496408
0.954693
0.0
0.99883
0.373207
0.0
0.80357
0.841608
0
0
-0.679852
0.842509
0
0.673773
0
0.405244
-0.827433
0
-0.88212
0
0
0
0.981367
-0.769509
0
0
0
0.494334
0.0
0.818182
0.681231
0.36474
-0.978806
0
0
0
-0.741933
0.0
0.98129
-0.94412
0.766096
-0.302935
-0.595463
-0.876018
0
0.544693
0
0.872916
-0.896008
-0.948842
-0.513324
-0.574574
0.874653
0.956493
0.661447
-0.817716
0
-0.283148
0
0
0
-0.993419
0.588841
0
-0.670725
0
0.475579
0
0
-0.85679
0
-0.969653
0.972625
0
-0.818558
0.945802
0
0
0
0.806507
-0.502719
0.575001
0.69937
0.841267
0
0.97914
0.916709
0.983649
0.997506
-0.634845
0
-0.287282
0
-0.655272
0
-0.529998
-0.942866
0
-0.983835
0.884685
-0.802968
-0.542153
-0.841204
0
0
0.830158
-0.50838
0
0
-0.787976
0
-0.732855
-0.741357
-0.806916
0.0
0.952621
-0.800241
0.6349
0.667678
0.54772
-0.285626
0.833938
-0.351388
0.970471
0
0
0.991283
-0.92893
0.781137
0.270073
0.8089
-0.710216
0
0
0.874993
-0.412137
0
-0.702296
0.819191
0.306379
0.468256
0
0
0.926722
0
0
0.818627
0
-0.697889
0.466329
-0.42727
-0.923808
0
-0.834638
0
0.544254
-0.769925
0.392504
0
0
0.982236
0
-0.44914
0.518937
-0.774042
0.597505
0
0
0
0.959973
0.952924
0
0.477403
0.808677
0
0.55089
0.965253
-0.889134
0.485902
0.310387
0
0.44266
-0.630978
-0.977871
0.970194
-0.432379
0.239895
0
0
0
0.921518
0.762647
-0.586375
0
0
0.466065
0.890122
0.479556
-0.602003
-0.906774
0
-0.615653
0.933431
0.759379
0
0.274227
0.729944
0.0
-0.283739
0
0.952992
0
0.952924
0.605879
-0.911091
0
-0.694218
0.264543
0
0.722947
-0.669295
0.291041
-0.763409
0
0
-0.695974
-0.883408
0.265785
-0.587433
0.0
0
0.390029
0
-0.780276
-0.359549
-0.867512
0.687446
0.0
0.896123
0.0
-0.847068
0
0
0
0
0.577619
-0.887617
0
0.886036
0
0
-0.953743
0
0.692694
0
0.461511
-0.634966
0
-0.986721
-0.935882
0.993172
0.796524
0
0
0.554178
0
0.529545
0.534452
0
0.633006
0
0.980701
0.403839
-0.676964
0
0.992121
0.92579
0.287698
-0.596609
0.0
0.387358
0
0.582813
-0.883221
-0.949956
-0.825722
0
0.659967
0
0
-0.925637
0.954419
-0.788989
0.445613
0.0
-0.321313
-0.841715
0.689453
0.937378
0
-0.75528
-0.970032
-0.876292
0.890625
0.72397
0.885455
0
0
0
0
0
0
-0.871399
0.991233
0
0
0.279467
0.555732
0.378831
0
0.474309
0.0
0.788966
0.99077
0.975043
0.811492
0
0
-0.965162
0
-0.641762
0
-0.594967
0
0
-0.593316
0
-0.27577
0
0
-0.947282
0.937372
0.784465
0
0.770862
-0.732176
0.974983
0
0
0.932679
0
0
0.840105
0.835702
-0.79757
0
-0.627905
0
0.776128
0.78485
-0.918841
-0.342186
0
-0.867024
0.736157
0.672671
0.993751
0.926654
0
0.860146
0
0
0.553699
0
0
0.64449
0
-0.357329
-0.297266
-0.94607
0.952596
0.807915
-0.81231
0
0.904858
-0.516419
0.944425
0.999616
-0.700051
-0.866421
0.838579
-0.820572
-0.712825
0.92099
0
0
-0.90286
-0.464064
0
0
0
0.81279
0
0
0
0.947802
0
0
0.926286
0
0.929989
0.430599
0
0
0.817711
-0.6354
-0.883597
0.343966
0.908157
0
0.958266
0.546193
-0.971998
0.870431
0.926494
-0.793335
0
-0.76817
0.96372
0
0.970415
0.947886
0.444721
-0.451625
-0.994339
-0.34387
-0.255205
0.893504
0
0.963737
-0.603799
0
0
-0.997235
0.411257
0
-0.47416
-0.606373
0.888955
0
0.0
0.884686
-0.449508
-0.751065
0.938684
0.973318
0.559078
-0.370548
0
0
0
0
0.0
-0.866627
-0.31089
0.894993
0.972686
0.991205
0.97965
0
0.792035
0
0.910768
0.340679
0
0
0
0
-0.932725
0.79822
0
0
0
0.58287
0.344378
0.67339
0
0
0.472505
0
-0.830184
0.980215
-0.496028
0.843752
0
0
0
-0.837079
0
-0.573425
-0.586135
0
0.896928
0.606352
-0.832243
-0.866357
-0.859864
0.505023
0.965873
-0.434772
0
-0.567069
0.364013
-0.594115
0
0.0
-0.392574
0.951065
0.858333
0
0.988648
0
0.469815
0
-0.87371
0
0
0
0.883622
0
-0.600734
0
0
0.704895
0.981128
-0.90855
0
0
0.0
-0.274023
0.836244
-0.873596
0.740427
0.959434
0.730047
0
0.633416
0
0
0.0
-0.670928
0
0.519297
-0.901364
0
-0.628715
-0.333613
0.553788
0.0
0.823016
0.526517
0.551498
0
-0.938996
0.741578
0.53369
-0.646662
0.442105
0.474836
0.785749
-0.970906
-0.767624
-0.938274
0
0
0
-0.927403
0
-0.857703
0.500845
0.587416
0.804006
0.400011
0.703723
-0.921748
-0.964468
0.374906
0
0
0
0.649777
0.795666
0
0.781011
-0.794453
0.617727
-0.989922
0.816185
-0.881416
-0.538137
0.532248
-0.705881
0
0
0.623468
0.733223
0
-0.789295
-0.313075
0
-0.967352
-0.578464
-0.893592
-0.788802
-0.886109
-0.65835
0
-0.953594
0.0
0
0
0
0.916673
0
0.909074
-0.933648
0
0
0.936745
0
0.556896
0
0.724714
0
0
0
-0.551389
0.64324
0.85801
-0.700706
-0.640436
0.58703
0.807707
0
0.739204
-0.461579
0.992039
-0.809028
-0.910867
-0.38589
0
0
-0.867653
0.947589
0.830616
-0.657926
0
0
0.674078
-0.787962
-0.842978
0.617254
-0.29223
-0.571735
0
0
0.555512
0
-0.474915
0.804936
-0.639365
0.922732
0
-0.963247
0
0
-0.776156
-0.995463
0
0
-0.989728
0
0.326562
0.845214
-0.760986
0.94122
0.934604
0
0
0.996986
0.93694
0
0.479597
0.463003
0
0
0
-0.930331
0
0
0.758387
-0.873592
-0.821837
0.724437
0
0.427307
0
0.771614
0
-0.883625
0
0.73003
0
0.812202
0.603335
0.956301
0.830878
0.470376
0
0.664133
-0.948124
0
-0.945496
0.985162
-0.385974
-0.848583
0
0
0.849762
-0.780175
0.800804
-0.517871
0
-0.879753
-0.315223
-0.974255
0
0
-0.681573
0
0
0
0.826479
0.61601
0.594748
0
0.855925
0
0
0
0
-0.479751
0.540962
-0.5156
0
0
0
0
0
0
-0.698807
0
0
0
0
-0.514971
-0.452682
-0.526084
0.81478
0.924206
-0.278351
0
0
0.775796
-0.254272
-0.535283
0
0
0
-0.967845
0
0
0
0
0
0
0
0.901064
0
0
0
0
-0.892213
0.897908
0
0
0
-0.978258
-0.868928
-0.598094
0
-0.767566
0
0.545212
-0.729064
0
0.59641
-0.894149
0
0
-0.802151
0
-0.76663
0
0
0.914991
-0.603318
0.868554
-0.545249
0.677713
-0.581493
0
-0.291826
0
0.947463
0.950357
0.834728
0
0
-0.89093
0
0.781666
0
0.527449
0.741927
0.846299
0
0
-0.63756
0.667881
0.69996
0
0.652
0
0.853341
0
-0.72507
0.967909
0.65025
0
0
0
-0.87346
0.94698
-0.935918
0.786269
0.826839
0
0.455013
0
0.744628
-0.294125
0.428161
0
0.998632
0.760479
0
0.91031
0.813858
0
-0.842414
0
-0.590447
-0.891613
0.801943
0.974128
0
0
0
0.0
0.726503
0.316985
0.949108
0.0
0.0
-0.90265
-0.871434
0
-0.687705
0
0.427377
0
0.836867
-0.97313
0
0.958465
0.771249
-0.979238
0
-0.532665
0.65961
0
0
0
0.0
-0.731582
0
0
0
-0.944595
0.71428
0.582047
0.665668
0.254649
-0.764406
-0.569732
-0.833148
0.926672
0.898683
-0.951939
0.0
0.943348
0
0
0
0
0
-0.323011
0
-0.595307
0.453897
0
0.768919
0
-0.377475
-0.584537
0
0
0
-0.595159
0.663645
-0.637025
0
0
0.310546
-0.902056
0.954511
-0.841424
-0.753617
0.893636
-0.881458
0
0.724475
0
0
0.907692
-0.650662
0.0
0.959219
0
0
-0.928283
0.937168
0
0
0.379256
0.0
0.995545
0
0.957854
0.658435
0.581502
0
0
0
0.631766
0.861365
0.476212
0
0
-0.904219
0
0.995234
-0.40337
0.0
0.991073
-0.754705
0.658846
0.0
0.861712
0
0.744693
0
0.597901
0.0
-0.949237
0
0.658792
0
0
0.916317
0
0
0.938888
-0.680987
0
0.875338
0
0
0
0
0.883343
-0.543919
0
0.669189
0.602466
0
0.547152
-0.924353
0.957729
0
0
0.65078
0
0.918134
-0.80704
0
-0.540586
0
0
0
0.49154
0
-0.971947
0.68451
0.321226
0.435175
0
-0.761451
0.846717
0
0
0.764664
0.891645
0
0.569051
0.982529
-0.762604
-0.669023
0.751012
0.969882
0.531903
0
0.996255
0.0
0.0
0
0
0.0
0
0
0.772196
0
0.998587
0
0
-0.974559
0.840177
0.441038
0
0.951827
0.885984
0
-0.99182
0
-0.540001
0.0
0
0
0.938858
-0.870523
0.285789
0.559508
0
0.9041
0.883527
0.666604
0.967118
0
0.856862
-0.323787
-0.702773
-0.579184
-0.468117
0
0
-0.70873
-0.730124
0
0
0.374245
-0.51077
0.0
0.35019
0
0.913958
0
0
-0.876769
-0.706262
0.853231
0.791062
-0.876065
0
-0.330277
0
0
0.631353
-0.575405
-0.803657
0.557663
-0.266775
0
-0.622033
0.705425
0
0
0.846856
0.486008
0
-0.677739
-0.662086
-0.431835
0
-0.736765
0.931022
0
0.739259
0.80038
0.854884
0.297983
0.0
0
0
0.640451
0.899611
0
0
0.846232
-0.492293
0.42803
0.832831
0.669728
0.75938
0
-0.384374
-0.746387
0
0.615281
0
0
0.983001
-0.380326
0
0.76573
-0.737141
0.843593
-0.77511
0.92164
0.698054
-0.393963
-0.548668
-0.674977
0
0.842267
0
-0.84172
0
0
0.558489
0
-0.587897
-0.439597
0.805404
0.947838
0
-0.361276
0.936855
-0.87542
0.955403
0.249879
0
0.771768
-0.728204
0.599667
0
0.977553
0.760795
-0.452653
0
0.950942
0
0.884112
0
0.413091
0.913819
-0.5879
0.437032
0.0
0
0.835446
0.563295
0.309846
0.85509
0
0.785461
0.0
0.552159
0
0
0.47106
0.391052
0.716427
0.774348
0.30085
0
0.913568
0
0.909901
0
-0.515917
0.984628
0.418807
0
0
-0.498261
0.0
0.766039
-0.990691
0.984831
0
0
0.871945
0
0
0.693183
0
0.79567
-0.966062
-0.295589
0
0.458262
0
0
0
-0.939424
0.615691
-0.936418
0
-0.632776
-0.848174
0
-0.9868
-0.892811
0
0
0.955774
0
0
-0.473388
-0.944884
0.867234
0.703394
-0.820681
0
0.824102
-0.750364
0.957556
0
0.953972
0.976019
0.0
0.95146
0.891577
0
0.965064
0
0
0.682838
0
0.743623
-0.595929
0.996291
0
0.702579
0.632224
0.930912
0.996525
0.978818
-0.968366
0.541627
-0.527488
-0.284503
0
-0.716059
0.952251
0.771422
0.561
0.753019
-0.779181
0
0.671646
-0.50864
0.909797
0.959948
-0.464768
-0.813023
0
0.71394
-0.488278
0.82659
0.854892
-0.771159
-0.731734
0.531929
0.533683
0.433789
-0.760585
-0.579826
0
0.771485
0
0.390587
-0.650317
0.253444
0
-0.846933
0.0
0.78994
-0.770623
-0.553976
0.326937
0.986397
-0.804907
0.954809
0.550509
0.31399
-0.532949
0.246973
0.504424
-0.926863
0
0.69333
0.720589
0.915708
0
-0.705047
0
0.0
0.876528
0.812083
-0.828493
-0.810696
-0.382579
0.885323
-0.988847
0
0.63132
0
0
0
-0.908064
0.442765
0
0
0.720886
-0.571046
-0.759414
0.807378
0.986962
-0.918596
0
0
0.0
0.0
0
0.969249
-0.476225
0
0
0.604384
0.774517
-0.566349
-0.720687
-0.77858
0
0.98494
0.684912
0
-0.806799
0
-0.972808
0.730051
0
0
0.879279
0.8093
0
0
-0.481149
-0.713808
0
0
0.786657
0
0.621619
0.884179
-0.991616
-0.913703
-0.746491
0
0.681355
0
-0.785177
0.649199
0
-0.884416
-0.914487
0.596983
0
0
0
-0.798859
0.517462
0
0.77782
0.539502
-0.469859
0.730508
-0.501862
0
0
0
0.328201
-0.86169
0
-0.528114
0.945008
0.718049
0
0.900473
0
0.0
0.695259
-0.717079
-0.84118
0.79747
0
0.0
-0.914305
0
0.796299
0.580525
0
0
0.0
0.862721
-0.561257
-0.485911
0.939733
-0.882822
0.0
0
-0.510598
0
0.907646
0.409504
0
0
0
0
0.0
0.576084
0
0
0.983846
0
0
0
0.708963
-0.374018
0
0.932717
-0.484282
0.893548
0.760744
-0.835633
-0.824784
-0.83108
0
0
0
0
0.869865
-0.838531
0.953029
0
0.990189
-0.405813
0.771349
0
-0.762782
0.473301
-0.854034
0
0
0
-0.988933
0.688638
0
0.926454
0.832054
-0.766833
-0.941769
-0.402204
0
0
0.995488
-0.865599
0
-0.96564
-0.457336
-0.617323
0
0
0.56405
0.863126
0
0
0.969867
0
-0.379338
-0.605479
-0.770438
0
-0.785857
0
0.988253
0.811798
0
0
0
0
0
-0.499756
0
-0.682437
0.636356
0
0
0.646164
-0.821121
0
0
-0.797332
-0.640486
0
-0.279725
0.667006
0
0.559839
0
-0.314743
0.744924
0.0
-0.795702
0.0
0
0
0.575551
0.84187
0
0
0.568507
0.690914
0
0
-0.862433
0.707168
0
0
-0.856117
0
0
0
0.462637
0
0
0
0.593001
-0.762388
0
0
0.0
0.492837
0.484939
0.569435
0
-0.819748
-0.900458
0.84752
0.776307
-0.934342
0.664192
0.743482
0.935244
0
-0.327917
0.620046
0
0
0
-0.471226
0
-0.866135
-0.914522
0.929573
0.908016
0
-0.263414
0
0
0.926646
0
-0.904858
-0.901209
0
0
0
-0.864793
-0.967747
-0.977727
-0.414975
0.974338
0
0
-0.940927
0.611295
-0.430162
0
0.631428
0
0
-0.421465
0
0
0.815501
0
-0.504381
0.522523
0.321651
-0.899734
0.874903
-0.847017
-0.761308
-0.761649
0
0
0.445121
-0.935989
0.0
0
0
0.769225
-0.965607
0
0.317932
-0.606471
-0.909217
-0.926542
0.927564
0.801963
-0.973709
0
-0.829693
0
0.439427
0.945234
0.934604
-0.801646
0
0.611665
0.578729
-0.877098
-0.588451
0
-0.529796
0.846469
-0.366368
-0.93611
-0.652483
0.333063
0.989042
0
0
0.598107
-0.549398
0.633902
-0.398513
0.839198
0
0
0.684491
-0.886814
0.879602
0
0
0.948246
0.578793
-0.705273
-0.819418
0.967262
0
-0.78028
-0.61962
-0.467736
0.336466
0.0
0.930267
-0.509875
0.758232
-0.942112
0
-0.659701
0.49924
0.578517
0.969402
-0.764379
0.639507
-0.72758
-0.405139
-0.654236
0
0
-0.917377
0.776606
-0.333153
0.0
0.966886
0.916138
0.95596
0.0
0
0
-0.233719
0
0
0.798989
0
0.667686
0
-0.489975
0
0
0.475488
-0.823882
0
0.271636
0
0
0.466026
-0.833398
-0.818155
-0.996648
-0.907167
-0.669814
0
-0.872249
0
0.926624
0.829216
0
0
0
0
0.82055
0
-0.780755
0
0.0
0.0
-0.829292
0.876794
0
0
-0.76037
0.881822
0.520692
0.0
0.939112
0
0.97019
0.848497
-0.6275
0
0
-0.949468
-0.627434
-0.659405
-0.907691
0
-0.606197
0.637036
-0.858762
0.869147
0
0.674203
0.670679
0
0
0.989463
0
0.248231
0
0
0.938435
-0.811968
0
0.435431
0.718731
0.767086
0.662804
0
-0.864733
0
0
-0.862051
0.967445
0.0
0
0.96755
0
-0.295351
-0.239549
-0.353279
0
0
0
0
0.998174
-0.671279
0
0
0.459982
0
0
0
-0.378026
0.699838
-0.316332
0.0
0
0.944168
0.0
0.951608
0.429292
0.486659
0.656889
0
0
0
0.716647
-0.610003
-0.92587
-0.942739
0.793874
0.670088
0.586146
0
0.74503
0
0.762106
0
0
0.921467
-0.736978
0.0
-0.845966
-0.681901
0.0
-0.677923
-0.504998
0
0
0.664817
0
0.510169
0
0.512356
0.383474
0
0
0
0.730098
0.831577
0
0.628406
0.370491
-0.987712
0
-0.526121
0
0
0.324703
-0.855425
0
0.772583
0.575744
-0.813925
0.971994
0.0
-0.436568
-0.60993
-0.818974
0.846253
0.407006
0
-0.924283
0
0
-0.918181
0
0
0
-0.994782
0.950825
0.908861
0
-0.475636
0.928411
0.449907
0
-0.781431
-0.905303
-0.491377
-0.841138
0.774926
0
0.0
-0.681077
-0.698898
0.552623
0.790286
0
-0.734873
0.960958
0
-0.963935
0.82648
0
0.610438
0
0.287653
-0.798538
0
0
-0.813277
0
0
0.809336
0
-0.721979
-0.355115
0
-0.631968
0.894011
-0.857005
-0.945405
0.0
0
0.714451
0
0
0.557868
0
0
-0.874752
0
0.783414
0.64481
-0.741294
0
0.0
0.867061
0
0.495701
0
-0.919608
0
-0.686939
0.817826
0.918274
0
-0.554281
0.413885
0.912464
-0.991996
0
-0.936002
0
0
-0.734641
0
0
0.845274
0
0.639179
0
0
-0.879631
0.854422
0
0
0.966802
0.577834
0
0
0.650513
0
0.917495
-0.887636
0.789674
-0.936219
0
-0.434261
0
0
0
0
0
-0.966398
-0.84258
0.751844
0.610863
0.887822
0
-0.845898
0
0.0
0
-0.59595
0
0.0
0.555524
0.505011
0
0
0.942809
-0.542001
-0.953993
0.698407
0.659628
0.485416
0
0
0.852207
-0.677502
0.0
0
0
0.0
-0.54032
0.989278
-0.517747
0
0.428787
0.41683
0.0
0.0
0.68707
0
0.923487
-0.87987
-0.513383
-0.822874
0.790251
0
0.850458
-0.279575
0
0.713626
0.948552
0.868586
-0.754744
0.952019
0
-0.900954
0
0.639579
0.958935
-0.94973
0
-0.909499
0.845772
0.0
-0.921279
-0.670557
0.707434
0.888619
0.0
0.603419
0
-0.876307
0.0
-0.404341
0
-0.315142
0
-0.919085
0.0
0.869939
-0.366259
-0.377407
0.538662
0
0
0
0
0
-0.896872
0
-0.469817
-0.775011
-0.445584
0
-0.537819
-0.783615
-0.834578
0.431442
0.514437
0.957083
0.828242
0
0.415464
0
0.708374
0.347953
-0.375212
0.0
-0.374671
0.624402
0.0
0.586057
0.778347
0.949044
-0.956084
0.90114
-0.812326
0
0.0
0.720134
0.564181
-0.54603
0
0.978916
-0.559108
0
0.934604
-0.840344
0.306462
0
0.915839
0.60679
-0.869811
0
0.0
0
0.540647
0
0
0
0
0
0.9628
0
0
0.829578
0
0.625253
-0.275883
0.539084
0
0
0
-0.65792
0.0
0.86577
0
0.883016
0
-0.981154
-0.940201
0
0.829578
0
0
0
-0.877826
0.325774
-0.384168
-0.459615
0
-0.643047
0
0.867034
0
0.746202
0
0.987971
-0.903216
0.940498
0
0
0.646984
0.891184
-0.775164
0
0.624499
-0.791271
0.601528
-0.651229
0.0
-0.525153
0
0.780088
0
-0.669173
0
0.881847
0
0
0.562813
0
-0.76602
0.894321
0.438447
-0.561257
0
0
0.566894
0
-0.851535
0.900479
0.952293
0
-0.638262
-0.636748
0
0.915994
0
0
0
-0.425242
0.321965
0
0
0.962578
0.0
0.321681
-0.805465
0
-0.846553
0.550511
0.899763
-0.748846
-0.606937
0.763688
0.410503
0
0.940135
0.889994
-0.874268
0
-0.865401
0
0.286615
0
0.0
0
-0.944407
-0.849492
0
0.899491
0.704908
-0.459615
0
-0.733076
-0.944136
0.998944
0
0.992751
0.633843
0
0.704694
0
-0.313769
0.0
0.594625
0.89778
-0.647402
0
0.629485
0
0
-0.320419
0.308738
-0.417205
0.604021
0.948078
0.0
0.980478
-0.606581
-0.795071
-0.826393
0.545228
-0.3691
-0.407907
-0.850657
0.490025
-0.525382
-0.517248
0
0
0
-0.498339
0
0
0.98772
0.0
0.812773
-0.665798
0
-0.955061
-0.390548
0
0
-0.96336
0
0.0
0.984233
0
0
0.301412
0
-0.688969
0
0
0.849404
-0.528974
-0.959543
-0.695024
-0.819016
0.767842
0
-0.758088
-0.68507
0
0.882281
-0.737148
0
-0.516388
0.585691
-0.805192
-0.394443
0.327063
0.0
0.946837
0.990137
0
0.829143
-0.764587
-0.881719
-0.253329
0
0
0.27323
0
-0.960594
0
-0.454902
0.787796
-0.884489
0.544841
-0.863735
0.967182
-0.902291
0.998154
0.847735
0.0
0
-0.568503
0
0.831786
-0.819679
0
0.957649
0.429983
0.9367
0
-0.907392
-0.243206
0.806167
0.629643
-0.630083
-0.95236
-0.718672
0.578519
0
0
0
-0.508531
-0.817211
-0.716579
0
-0.723238
0
-0.854507
0
0.900473
0
0
0.717436
0
0
0
0
0
0.858052
0
-0.657667
-0.74686
0.860437
0
0
0
0.990941
0
-0.904223
-0.346511
-0.915626
0
-0.768078
0.869453
0.483352
0.343283
-0.944046
0
0.474011
-0.548255
-0.666376
0.852682
-0.845665
-0.848828
0
-0.732505
0
0.940983
0.257391
-0.414462
0.876543
-0.354942
-0.80836
0
-0.571945
0.871296
0
0.84899
0
0
0
-0.558665
-0.904579
-0.728269
0
-0.455029
0.0
0.303791
0.490436
0
0
0.496282
0.988806
0
0
0
-0.946559
-0.65352
-0.887681
0
0
0.530385
0
0.954306
0
-0.910467
0
0.623201
0.544675
0
-0.978283
-0.700246
0.890785
0.966778
0
0
0
0.590259
-0.393009
0
0.945714
0.809712
0
-0.731361
0
-0.732959
0.818589
0.464863
0.56595
0.495158
0
0.689807
0.289391
0
-0.824584
-0.941543
0
0.648016
-0.986735
0
-0.603263
0.378708
0.0
0.943354
0.6482
0.365832
-0.677664
-0.471477
0.907661
-0.509906
0
0.0
0
0
0.909969
0.907976
-0.906349
-0.372182
0.377768
0.774567
0
0.653921
0.0
0.722094
0.588468
0
0
0.616266
-0.848364
0.934604
0
0.934604
-0.828471
0
0.563081
0
0.95132
-0.527048
0.774505
0
0.796924
-0.286571
0
0
-0.842792
0
-0.966853
0.902974
0.869461
0
-0.569251
0
0.0
-0.771645
0
0.806254
0.963535
0.685346
0.736676
0.329183
-0.575827
0
0
0.865332
0
-0.97738
0
0.390129
0.722258
-0.596159
0
0
0
-0.890636
-0.90028
0
-0.398408
0
0.975042
-0.505863
0.541208
0.431959
0.52648
0
0.707385
-0.868312
0
0
0
-0.585619
0.980657
0.693378
0
0
0.631154
0
0
-0.35163
0
0.985705
0.356884
0
0
0.693291
0.892584
-0.948516
0.954826
0
0
0.940676
0
0.694682
0.974509
0
0.630977
0.0
0
-0.773301
0
0.87132
0.987832
0
0
0.972812
-0.951017
0.898813
-0.561993
0.978355
0
0
0.803252
-0.677991
-0.647317
0.502028
0
0.943402
0
0.981417
0.349866
-0.940698
0
0.819565
0
0.0
-0.855385
-0.60183
0.564844
0.574588
0
0
0
0
0
0.963519
0.954943
0.516411
0.792766
0
-0.311749
0.948243
0.461565
0
0.337797
-0.935827
0
0.462759
-0.354543
0.290042
0.70739
0
0.0
0
0.940965
-0.816567
-0.551328
0.975107
-0.551123
0.718623
0.979531
0.799702
0.385969
-0.71795
0.763081
-0.287588
0
0.319399
0
0
0.788681
0
0
0.685027
0.815908
0
-0.915554
-0.766237
0
0.873451
0
0
-0.795786
-0.757072
0.991379
0.481088
0
0
-0.727125
0
0.624254
0.276344
-0.82259
0
0
0
0
0.964232
0
0
-0.937435
0
0
0.69858
0.992624
-0.77291
-0.884983
0
0.564967
0
-0.931422
-0.350915
0
0
0
0
0
0
0
0
0.659623
0.959382
0
0.639735
0.545184
0
0.0
0.0
-0.629539
0.0
-0.771042
0.880874
0
-0.834963
0.774919
0.968259
0
0
0
0
0.0
0
0
0
0
0.871345
-0.610349
-0.669941
0
0.586733
-0.639201
0
0
0
0.650487
0.97124
0
0.906975
0
0
0
0.353665
0.513857
0
0
0
0.697698
-0.748839
0
0.920978
-0.905229
0.0
0
0.0
0
0
0
0.743022
0
0.621641
0
0
-0.952782
-0.993594
0.355043
0
-0.92243
0.79617
0.853472
0
0
0.959086
0
0
0.938482
0.0
0.0
0
-0.324804
0
0
0.749896
0.809631
-0.888835
0
0.424151
0.525047
-0.733866
0
0
-0.792642
0.732915
0.957951
0
-0.703948
0.377956
0
-0.953164
0.795275
0.840678
-0.898593
-0.584666
0
0
0.719972
0.0
-0.538132
0
0
0
0
-0.520224
-0.648855
0.465186
0.981927
0
0.835462
0.0
0.665361
0.0
-0.813891
0.78859
-0.897246
0
-0.720318
0
0.460511
0.581486
0.441805
-0.861083
-0.484919
0
-0.48373
-0.523281
0
0.0
0
0
0.501842
0
-0.660263
0.869256
-0.295659
0.734894
-0.801466
-0.529642
0.789302
0
-0.889346
0
0.817515
-0.25303
0.96127
-0.68507
0.491594
0
0
-0.705537
0.713922
0
-0.737392
0
-0.616114
-0.57721
0
0.412666
0
0
0
-0.683551
0.873342
-0.790889
0.0
0
0
0
0.921995
-0.871305
-0.587809
0.585012
-0.688508
0
0
0
0
0
0
-0.447087
0.0
0
0
-0.951228
0.548558
0.844223
-0.307358
0.451459
0.494956
-0.902416
-0.383991
0
0.88869
0.478022
-0.328889
0
-0.620891
0.983881
-0.874511
0.690914
0
0.576707
0.675932
-0.627421
0
-0.657967
0.490734
0.793772
0.641375
0
0
0.514182
0.0
-0.714282
0.0
-0.919464
0
0
0.77008
0
0.728887
0.358221
0
0.0
0
0.578751
-0.620008
0.0
-0.880387
0.742226
0.989331
0
-0.657477
0.977235
-0.3953
-0.559605
0
-0.922723
0.614398
-0.427844
0
-0.812396
0.660107
0.751124
0
-0.723679
-0.905904
0
0
0
0.407341
0.983895
0
0.778914
0
0
-0.787349
0.943628
0.598868
0
0.641573
0.0
0.417182
0.661193
0
-0.860831
0.0
0
0.786379
0.928508
0
-0.885303
-0.29219
0
0.877426
0.0
-0.835461
0
-0.517115
0.684538
0
0
0.993774
-0.509528
-0.631086
-0.449581
0
0.369155
0.54967
0.963271
0
-0.875347
0.0
0.935954
0.302253
0
-0.972897
0
0.505477
0.0
-0.570127
-0.783975
0.910428
-0.367914
-0.88588
0
0
0.49999
0
0
0
0
-0.439403
-0.608858
0.906627
-0.592121
0.984825
-0.692677
0.893945
0
0.955045
0.0
0
0.97899
0
0
-0.758391
-0.47364
-0.942512
0.883618
0
0.871752
0
0
0
0.272733
-0.664094
0.719126
0
-0.765842
0
0
-0.497725
0
0
0
-0.53372
-0.41912
0
0.482938
0.889527
0
0.0
0
-0.716309
0
0
0.89467
-0.615671
0
0.976844
0
0
0.976717
0.0
0.982079
0.64256
0
-0.952685
0.901842
-0.893283
0
0.843019
0.769808
0.585056
0
-0.754175
0
-0.85537
0.763697
0.750172
-0.962127
-0.416996
0
-0.616383
0.948319
0.0
0.631
0
-0.462999
0
0
0.448283
0
0.539788
0.880616
0.747708
0.674684
0.0
0
0.695933
0.935434
0.881295
0.982587
0
0.778692
0.286627
0
0
0.98374
0
0.441793
0.979277
-0.817584
0.0
0.654261
0.978867
0
-0.91139
0
0.808934
0.674793
0
0
0.996025
0.467369
-0.411468
0.728431
0.884546
0
0.894964
0
0
0
0.999186
0
-0.450626
-0.877983
-0.856317
-0.914933
0.32949
0.816513
0.618305
-0.692811
-0.735408
-0.383199
-0.561254
0.47223
-0.917926
0.0
0
-0.392449
0.997507
0.734413
0.738359
0.873769
0
-0.795955
0
0
-0.942674
0.835043
0.658488
0
0
0
-0.560726
0
0.934019
0.963305
0.677945
0.592848
0
0.531139
0
0
0.900423
0
-0.787331
0
0.844642
0.908319
-0.4567
0
0
0.642819
0
0.0
0.695768
0
0.5576
0.0
0
0
0.967543
0.517774
0.902607
0.349183
0
-0.281772
0.703247
0
0.65418
0.0
0.89584
0
0.862436
0
-0.565511
0
0.617006
0
0.780595
0.95083
0.0
0.927109
0
0
-0.590706
0
0.740738
0
0.539859
0
0.917726
-0.790955
0
0
0.932294
0
-0.953754
0
0
-0.862637
0
0.384563
0
0
-0.311473
0.94978
0.682917
-0.982113
-0.416371
0
0.800452
0
0.380899
0
-0.978344
-0.791309
-0.802016
0.818847
-0.488091
-0.297764
0
0.621131
0
0
-0.659047
-0.43116
0
0.883069
0
-0.875386
0.608433
-0.973839
0
-0.806775
-0.877462
0.941508
0
-0.773896
0
0
0
0.997582
0
0
-0.88274
0
-0.811086
-0.702002
-0.368434
0
0
-0.564783
0.974739
0.974351
0
0.368656
-0.903314
0
0.807654
0.889164
0
-0.415757
0
0.915682
0.339966
0.996538
0.547584
0.663096
0.877188
0.948051
-0.589529
0
0.925013
0
-0.593111
0
0.65014
0.410317
0.442029
0.597147
0
-0.90888
0.722093
0.76434
0.799365
-0.526765
0.933682
0.764313
0
0.790784
0
0.0
0.809524
-0.84221
-0.892017
-0.584423
-0.591766
0
0.905146
0
0
-0.980836
0
0.962344
0
0.633183
0
-0.721812
-0.826684
-0.69753
-0.307849
0
0
0
0
0
-0.857174
-0.522005
0.863136
-0.97372
-0.738444
0
0.995005
-0.689113
-0.87487
0.884641
0.646087
0.605961
0
0
0.424799
0.961168
-0.430025
0
0
0
0
-0.873844
0.960833
-0.993183
-0.857204
0
0.745124
0
0.475562
0
0
-0.568552
-0.768913
-0.641076
-0.951347
0.0
0.945945
0
0.799013
0.0
0
0.763571
0.815194
-0.742883
0.913111
0
0
0.796932
0
0
0
0
0.971922
0.545818
-0.808922
-0.991304
-0.891527
0.902943
0.616847
-0.320488
-0.469586
0.62772
-0.355091
-0.91948
0.85776
0
-0.902811
0.981529
0
0.898893
0.579603
0.861381
0.733713
0.824534
0.280837
0.909469
0.813114
0.877237
0
0.733035
0.0
-0.847591
0.905689
0.724319
0.755424
0
0
0
0
0
0
-0.48913
0.740771
-0.880092
-0.648942
0
-0.921748
-0.466928
0.935753
-0.863795
0
-0.884221
0
0
0
0.320918
0
-0.632673
0
0.959346
0.64281
-0.56199
0.872797
0.999588
0.807804
0
0.864829
0.642322
0
-0.655535
0.829683
0
-0.827477
-0.88665
-0.545973
0
-0.713212
0.892332
0
0
0
0.402363
0.878956
0.594829
-0.702258
0
0
0.235393
0
0.86512
0
0
0.679884
-0.599337
0
-0.566997
