0.5
0.05000000000000002
0.1759259259259259
0.0
0.5
0.0
0.0
0.13333333333333333
0.0
0.6875
-0.375
0.0
0.11666666666666671
0.0
0.0
0.25
0.35
0.0
0.7
0.0
0.0
0.0
0.3181818181818182
0.15
0.5
0.3166666666666667
0.0
0.1
0.2
-0.4
0.13636363636363635
0.13636363636363635
0.30000000000000004
0.4
-0.08333333333333333
0.5
0.25
0.0
0.0
-0.03333333333333333
0.0
0.06666666666666667
0.0
1.0
0.4
0.0
0.0
0.0
0.04545454545454545
-0.3125
0.0
0.3
0.0
0.4
0.0
0.0
0.4166666666666667
-0.8000000000000002
0.0
0.0
0.2130681818181818
0.17045454545454544
0.175
0.0
0.45
0.05
0.6875
0.0
0.0
0.0
0.4
0.13636363636363635
0.0
0.6
0.21212121212121213
0.0
0.0
-0.022222222222222216
-0.010101010101010102
0.4
0.0
0.125
0.0
0.125
0.12666666666666668
0.4666666666666666
0.0
0.17777777777777778
0.1671875
0.0
0.012500000000000004
0.0
1.0
-0.09375
0.26666666666666666
0.5
-0.15555555555555559
0.0
-0.375
-0.12222222222222223
-0.08333333333333334
0.46875
-0.6999999999999998
0.3375
0.5
0.25
-0.16666666666666666
-0.16666666666666666
0.02272727272727272
0.3333333333333333
0.1
-0.1111111111111111
0.58
0.1
0.0
0.0
0.13636363636363635
0.425
0.0
-0.1
0.0
0.0
0.40104166666666663
0.6
0.0
0.3
0.4
0.0
-0.4
0.44999999999999996
-0.1
0.0
0.4
-0.56875
-0.4
0.0
0.0
0.0500000000000001
0.2
0.9
0.23484848484848483
0.11249999999999999
0.0
0.0
0.3888888888888889
-0.5
0.4444444444444445
0.0
1.0
0.0
0.20416666666666664
0.0
0.13636363636363635
0.3
0.0
0.0
0.2682291666666667
-0.022222222222222216
0.0
0.0
0.0
0.3072727272727273
1.0
0.65
0.5
0.125
0.5833333333333334
0.0
0.3181818181818182
0.0
0.0
0.09999999999999999
0.07878787878787878
0.5
0.25
0.009615384615384609
0.13636363636363635
0.39999999999999997
0.25
0.5
-0.28846153846153844
0.5
-0.8749999999999998
-0.6
-0.1
0.0
0.0
0.2619047619047619
0.24999999999999997
0.06250000000000006
0.5249999999999999
0.06818181818181818
0.25
0.5
0.3
0.2
0.0
0.13636363636363635
-0.07765151515151517
0.6
0.2
0.0
-0.15
-0.010101010101010102
0.0
-0.015151515151515152
0.0
0.0
-0.3
0.1797619047619048
0.0
0.025
1.0
-0.5
0.7
-0.2
0.375
0.2
-0.5
0.47500000000000003
0.28409090909090906
0.0
0.15
0.0
-0.3125
0.0
0.24777777777777776
0.0
0.13636363636363635
-0.4666666666666666
0.35000000000000003
0.2
-0.375
0.35
0.5
0.2
0.0
-0.04999999999999999
-0.25
-0.16666666666666666
0.0
0.6
0.45625
0.2130681818181818
0.25
0.0
0.39285714285714285
-0.39999999999999997
0.0
-0.1
0.14166666666666672
0.75
-0.25
0.14375
0.25
0.0
0.0
0.08333333333333334
0.14583333333333334
0.13636363636363635
0.0
-0.16666666666666666
-0.11805555555555554
0.0
0.45999999999999996
0.0
-0.15555555555555559
0.0
0.8
0.7
0.0
0.125
0.3
0.05
0.0
0.0
0.0
0.275
0.0
0.08333333333333333
0.2188888888888889
0.0
0.3068181818181818
-0.15
0.056249999999999994
-0.1111111111111111
0.0
0.8
-0.0625
0.053125000000000006
-0.4333333333333333
0.13636363636363635
0.4681818181818182
0.25
0.7734375
0.0
0.3
0.0
0.25
0.375
0.0
0.35000000000000003
0.1
-0.06666666666666667
-0.15
0.35
0.08333333333333333
1.0
-0.25
0.625
1.0
0.5
0.04999999999999999
0.0
0.325
5.551115123125783e-17
0.12424242424242422
0.3121212121212121
-0.16666666666666666
0.25
0.0
0.0
0.0
0.0
0.0
-0.17500000000000002
0.0
0.0
0.0
0.0
0.2
0.0
-0.23125
0.44999999999999996
0.0
0.0
0.0
0.06818181818181818
0.0
0.4
0.65
0.0
1.0
0.13636363636363635
0.26666666666666666
0.490625
0.0
0.6666666666666666
0.0
0.5
-0.09375
1.0
-0.02499999999999994
0.0
0.3
0.5
0.0
0.05
0.525
0.625
-0.2
0.0
0.0
0.0
0.0
0.4928571428571428
0.024999999999999994
0.0
0.06000000000000003
1.0
0.375
0.39166666666666666
0.49464285714285716
0.5333333333333333
0.546875
0.0
-0.3
0.25
0.0
0.625
0.0
0.34346590909090907
-0.4
0.16276041666666663
0.375
0.0
0.5
-0.10416666666666666
0.375
0.625
0.0
0.1
0.0
0.06818181818181818
-0.390625
0.0
-0.20000000000000004
0.1875
0.0
0.0
0.08
0.640625
0.125
0.0
0.1
0.0
0.0
0.13636363636363635
0.17777777777777778
0.01742424242424241
0.03661616161616161
0.25
0.5333333333333333
0.3
0.4583333333333333
0.0
0.06818181818181818
0.0
0.25
0.0
-0.10833333333333328
0.2861111111111111
0.125
-0.3499999999999999
0.25
0.0
1.0
0.19999999999999998
-0.1
0.0
-0.09375
0.1
0.0
0.665
0.0
-0.14111111111111113
-0.04242424242424244
-0.19444444444444448
-0.25
0.0
0.0
1.0
0.032467532467532464
0.875
-0.25
0.25
-0.016666666666666666
0.3
0.2857142857142857
0.0
0.0
0.75
-0.06666666666666667
0.3816666666666667
0.2833333333333334
-0.024999999999999994
0.5
0.2
0.45
-0.75
-0.2
0.0
0.41818181818181815
0.35
0.0
0.0
0.10416666666666667
0.1375
0.0
0.13636363636363635
-0.05454545454545454
0.13636363636363635
0.8
0.325
0.4125
0.0
0.0
0.0
0.0
-0.22499999999999998
0.22424242424242424
0.13636363636363635
0.9765625
0.0
0.5
0.5
0.0
0.8
0.0
-1.0
-0.05
-0.26666666666666666
0.0
0.4000000000000001
0.8
1.0
0.0
1.0
0.0
0.0
0.0
-0.5
0.0
-0.2
0.25
0.0
0.06818181818181818
0.0
0.078125
0.2715909090909091
-0.1875
0.0
1.0
0.31666666666666665
-0.02136363636363637
-0.04583333333333334
0.0
0.0909090909090909
0.0
0.0
0.8
-0.20000000000000004
0.5
-0.4
0.125
0.28645833333333337
0.3
-0.11851851851851854
0.41818181818181815
-0.08333333333333333
-0.01666666666666668
0.0
0.0
-0.1875
0.05
-0.22708333333333333
-0.2777777777777778
0.0
0.0
0.0
0.625
0.1621212121212121
0.32916666666666666
0.0
0.0
0.0
0.0
0.25
0.18
-0.225
0.13636363636363635
0.0
0.13636363636363635
0.0
0.041666666666666664
0.0
0.0
0.3333333333333333
0.0
0.0
0.0
0.0
0.0
0.0
0.0
0.5
0.0
-0.2
0.26633522727272724
1.0
0.0
-0.07777777777777779
0.4000000000000001
0.575
0.0
0.0
0.0
0.0
0.009375000000000022
-0.5
0.0
0.0
0.26666666666666666
0.6875
0.78125
0.07777777777777777
-0.1
0.640625
0.5
0.25
0.0
-0.1916666666666667
0.5
-0.4
0.0
0.0
-0.3499999999999999
-0.5
-0.15555555555555559
0.0
-0.15555555555555559
-0.1375
0.11818181818181818
0.08766233766233766
0.0
0.6
0.09999999999999999
0.13333333333333333
-0.4
1.0
0.0925
0.0
-0.4
-0.01944444444444446
0.37916666666666665
0.25
0.0
0.9333333333333332
0.0
-0.16666666666666666
0.0
-0.05
0.4121212121212121
0.25
0.0
0.0
0.7
0.0
0.7222222222222222
0.5
1.0
-0.5
0.4666666666666666
0.0
0.3
-0.15000000000000002
0.18333333333333335
0.0
0.5
0.375
0.0
-0.09375
0.9765625
0.0
0.08750000000000001
0.25
0.0
0.1
-0.244140625
0.13636363636363635
0.36818181818181817
0.13636363636363635
-0.27499999999999997
-0.025
0.7458333333333332
0.0
0.04
-0.19444444444444445
0.6
-0.19765625
0.0
0.13636363636363635
0.5
0.5
0.1
0.5
0.3
0.30625
-0.4749999999999999
0.225
0.18
0.1
0.349025974025974
0.26633522727272724
0.13636363636363635
0.0
0.42500000000000004
0.6148148148148148
0.14285714285714285
0.0
0.8
0.6666666666666666
0.0
0.17045454545454544
0.7
0.26666666666666666
0.16666666666666666
0.13636363636363635
0.5833333333333334
-0.13181818181818183
0.4635416666666667
0.0
0.375
0.5
0.0
0.0
-0.125
0.5
0.4583333333333333
0.06818181818181818
-0.2
-0.041666666666666664
0.5
0.056249999999999994
0.0
-0.1
0.0
-0.30000000000000004
0.5
0.0
-0.05
0.0
-0.23076923076923078
0.13636363636363635
0.20833333333333334
0.25
-0.2
0.6770833333333333
0.1
0.12878787878787878
0.5
0.55
0.8
-0.0625
0.3925
0.03
-0.46875
-0.04999999999999999
0.2222222222222222
-0.3
0.015476190476190458
0.0
0.0
0.13636363636363635
-0.5
0.375
-0.2
-0.15
0.0
0.43333333333333335
0.0
-0.4
0.38954545454545453
0.2722222222222222
0.75
0.375
1.0
0.3611111111111111
0.34027777777777773
0.0
1.0
0.5
0.0
0.0
1.0
0.0
0.0
0.13636363636363635
0.4372727272727273
1.0
0.0
0.0
0.3333333333333333
0.0
0.35
-0.4
0.0
0.5
0.0
0.0
0.0
0.0
-0.5
-0.5
0.0
0.575
-0.4
0.0
0.3333333333333333
0.175
0.0
0.19814814814814816
0.0
0.06818181818181818
0.3333333333333333
-0.75
0.1
0.0
-0.03571428571428571
0.41666666666666663
0.1
0.0
-0.13181818181818183
0.0
0.14285714285714285
0.0
-0.1
-0.125
0.0
0.75625
0.7
-0.2
0.5
0.0
0.0
0.16666666666666669
0.0
0.35
0.028124999999999997
0.0
-0.2
0.07708333333333332
0.7
0.13636363636363635
0.0
0.10000000000000003
0.3
0.8
0.0
0.7
0.13636363636363635
0.0
0.7
0.25
1.0
0.0
0.73828125
0.2861111111111111
0.16666666666666666
0.13636363636363635
0.8
-0.2
0.0
0.1875
0.0
0.0
0.8
0.0
-0.4
0.0
0.16666666666666669
0.26666666666666666
0.0
0.25
0.25
-0.13020833333333331
-0.4
0.65
0.0
0.36818181818181817
0.0
0.375
0.0
-0.575
0.0
0.0
0.6
0.35714285714285715
0.0
0.3181818181818182
0.6875
0.0
0.0
1.0
0.025
0.5
0.3833333333333333
0.0
0.0
0.2222222222222222
0.625
0.037500000000000006
0.0
0.3888888888888889
-0.3
0.5
-0.1
0.25
0.25
-0.16666666666666666
0.0
0.44499999999999995
0.4
0.15
0.5
0.5
0.13333333333333333
0.2
0.78125
0.4166666666666667
-0.18181818181818182
0.375
0.8
0.0
0.0
0.7
-0.2
-0.4
0.0
0.46875
1.0
0.25
0.0
0.0
0.0
-0.4666666666666666
0.32323232323232326
0.15000000000000002
0.0
-0.016666666666666663
0.4
0.06818181818181818
0.62
0.3125
0.13636363636363635
0.31148437500000004
0.0
0.25
0.0
0.35
0.19360269360269358
0.0
0.0
0.4375
-0.3333333333333333
0.17045454545454544
0.0
0.24323232323232324
0.0
0.5
0.13636363636363635
0.0
0.0
0.0
-0.75
-0.4
-0.1
0.1025
0.30833333333333335
0.8
0.45
-0.3
0.0
0.16
-0.6999999999999998
0.06
-0.16666666666666666
0.5
0.225
-0.4
0.2
0.019999999999999983
0.4
0.6666666666666666
-0.625
0.0
0.0
0.20833333333333334
0.0
-0.1
-0.22499999999999992
0.32222222222222224
0.125
0.0
0.0
0.5583333333333333
0.0
0.0
0.0
0.16645951704545453
-0.1125
-0.15555555555555559
-0.4
0.0
0.75
0.2
0.13636363636363635
0.031249999999999993
-0.13333333333333336
0.15
0.25
0.4375
-0.05454545454545454
0.13636363636363635
-0.6999999999999998
0.0
0.45
1.0
0.125
0.07847222222222222
0.0
0.7000000000000001
0.15656565656565655
-0.0638888888888889
0.375
0.5833333333333333
-0.1
0.3482142857142857
0.0
0.043181818181818175
0.37878787878787873
0.0
1.0
0.0
0.7
0.13636363636363635
-0.3125
0.0
1.0
0.0
0.25
0.6
0.0
0.024999999999999994
0.07777777777777779
1.0
0.0
0.30000000000000004
0.7
0.08333333333333333
-0.2
0.13636363636363635
-0.08333333333333333
0.19999999999999998
0.0
-0.6999999999999998
0.1
0.024999999999999994
0.732421875
0.0
-0.06272727272727273
0.0
-0.36249999999999993
-0.07692307692307693
0.141796875
0.525
0.0
0.0
0.5
0.0
0.016666666666666666
-0.08333333333333333
-0.025
0.5
0.0
0.06818181818181818
0.0
0.0
-0.04999999999999999
0.0
0.3
0.0
0.05
0.75
-0.15555555555555559
0.2152777777777778
0.0
0.4
0.1
0.0
0.0
0.0
0.525
0.25
0.0
0.3181818181818182
0.0
0.0
0.30653409090909095
-0.10156249999999999
-0.06666666666666667
0.5
0.5
-0.2
-0.0625
-0.125
0.24853515625
-0.4
0.5
0.38666666666666666
0.14545454545454545
0.16666666666666666
0.3125
0.2888888888888889
0.020833333333333343
0.03333333333333333
0.0
0.875
0.0
0.13636363636363635
0.6
-0.1
0.0
-0.2
-0.4375
0.06818181818181818
0.24
0.5
0.0
0.5
0.06818181818181818
-0.375
0.14069264069264067
0.0
0.033333333333333326
0.13636363636363635
0.5333333333333333
0.0
0.390625
0.08522727272727272
0.3075
-0.1875
0.0
0.3375
0.0
-0.203125
0.4000000000000001
-0.2
0.375
0.03333333333333333
0.875
0.16
-0.6
-0.16666666666666666
-0.6
0.0
0.0
0.5
0.0
0.06212121212121211
0.75
0.0
-0.4
0.375
0.3333333333333333
0.4291666666666667
0.0
1.0
0.21212121212121213
-0.07777777777777779
0.8
0.3931818181818182
-0.6999999999999998
0.484375
0.0
0.0500000000000001
0.2
-0.05
0.0
0.0
0.0
0.55
0.0
0.0
0.0
0.13068181818181818
0.13402777777777777
-0.06388888888888887
0.018181818181818174
0.4
0.13636363636363635
0.5
-0.5
0.3666666666666667
-0.12121212121212122
0.0
0.0
-0.15555555555555559
0.14444444444444446
0.0
-0.07500000000000001
0.0
0.0
0.13333333333333333
0.15000000000000002
0.0
0.0
0.4375
0.2931818181818182
0.375
0.5
0.008333333333333333
0.1
-0.125
-0.0875
0.0
0.0
0.0
-0.4
-0.75
0.06818181818181818
0.41666666666666663
0.0
0.0
0.9375
0.4375
-0.3277777777777778
-0.10285714285714287
0.02500000000000001
-0.3125
0.13636363636363635
0.5
0.35
0.0
-0.4
0.3352272727272727
-0.18888888888888888
-0.10416666666666666
0.16666666666666666
1.0
-0.21250000000000002
-0.04375
-0.6076388888888888
-0.23020833333333332
0.0
0.0
-0.4
-0.4
0.0
-0.16950757575757577
0.2333333333333333
0.14166666666666664
0.11111111111111112
0.0
0.0
0.06818181818181818
0.21666666666666667
0.0
-0.2
0.0
0.2
0.25
-0.16666666666666666
0.1
0.25
0.6
0.22812500000000002
0.0
0.12
0.0
0.4375
-0.05
0.0
0.04999999999999999
0.0
0.18489583333333334
0.2
0.0
0.3333333333333333
0.0
0.2857142857142857
0.2
0.4
0.0
0.55
0.2786458333333333
-0.016666666666666663
-0.05
0.0
0.16312500000000002
0.0
0.0
-0.125
0.21701388888888884
0.40625
-0.25
0.0
0.18541666666666667
0.3
-0.4
-0.125
0.0
0.4375
-0.037500000000000006
-0.325
-0.3
0.7666666666666666
0.3806818181818182
0.0
0.0
0.4333333333333333
0.0
0.35
1.0
0.0
0.5
0.125
0.0
0.475
0.4
0.0
-0.52
0.2785714285714286
0.04545454545454545
-0.2125
0.17708333333333331
0.44999999999999996
-0.25
0.2857142857142857
0.0
0.40079365079365076
0.13636363636363635
0.0
0.0
0.2
0.80078125
0.0
0.0
-0.4
-0.1125
0.0
0.0
0.0
0.5
-0.15833333333333335
0.5
0.39732142857142855
0.0
0.03333333333333333
0.16
0.0
1.0
0.7
0.39687500000000003
-0.4
-0.4318181818181818
0.0
0.0
0.0
0.25
0.4787878787878788
1.0
0.46875
0.35
0.0
-0.0625
0.02500000000000003
0.05
0.7
0.16
0.0
0.0
0.3375
0.14791666666666667
0.4069010416666666
0.45
-0.3
0.09999999999999999
0.0
-0.06666666666666667
0.15625
0.7
-0.15625
-0.4
0.125
0.0
-0.25
0.5
0.3770833333333333
0.37878787878787873
0.1
-1.0
0.0
0.0
0.0
0.2
0.0
-0.16666666666666666
-0.05
-0.2
0.04999999999999999
0.5
-0.1220703125
0.1
0.3
0.1
0.0625
0.0
0.0
0.01874999999999999
-0.13333333333333333
0.375
0.0
-0.1
-0.4
-0.25
0.0
-0.4
0.55
-0.05833333333333335
-0.24000000000000005
0.10000000000000002
0.0
-0.06666666666666667
-0.25436507936507935
0.2
0.15625
0.0
0.0
0.002499999999999991
0.06319444444444444
0.13636363636363635
0.13636363636363635
0.5
0.16481481481481478
0.0
0.0
0.0
1.0
0.0
0.5
0.640625
0.203125
0.078125
-0.1777777777777778
0.8
0.0
0.1
0.65
-0.2
0.4375
0.575
0.06818181818181818
0.0
0.3
0.0
0.3
0.31373697916666665
0.0
0.0
0.39999999999999997
0.0
0.25
0.06818181818181818
0.1875
1.0
0.0
0.0
0.24000000000000005
0.75
0.13636363636363635
0.20625
0.0
-0.04999999999999999
0.06666666666666665
0.0
0.0
0.0
0.0
0.12878787878787878
0.1625
0.0
0.13636363636363635
-0.2125
0.0
0.1
-0.15555555555555559
0.0
0.16666666666666666
0.6145833333333333
0.0
-0.1
0.0
0.0
0.0
0.1645021645021645
0.0
0.3
0.03333333333333335
0.0
0.04999999999999999
0.5
-0.15
0.0
-0.10416666666666666
0.0
-0.5
0.0
0.3
0.0
0.25
0.0
0.05
0.625
0.40909090909090906
0.5
0.375
0.1
0.13636363636363635
0.0
-0.78125
-0.26666666666666666
0.5
0.0
0.03333333333333333
0.4
0.0
-0.16666666666666666
0.13636363636363635
0.1
0.0
0.17045454545454544
0.4166666666666667
0.1
0.4421875
0.0
0.8000000000000002
0.26666666666666666
0.0
0.0
0.23958333333333334
0.48333333333333334
0.3333333333333333
0.0
0.0
0.0
0.0
0.6000000000000001
0.03333333333333333
0.10416666666666666
0.0
0.2833333333333333
0.0
0.0
0.13636363636363635
0.48333333333333334
0.0
0.2111111111111111
0.26785714285714285
0.32291666666666663
0.0
0.024999999999999967
0.023611111111111104
-0.1
-0.06999999999999999
-0.125
-0.5
0.0
0.0
0.0
-0.25
0.36500000000000005
-0.2
0.25
0.3333333333333333
0.8
-0.08749999999999997
0.0
0.13636363636363635
0.014814814814814808
0.3333333333333333
0.0
0.575
0.0
0.0
0.18333333333333335
0.0
0.0
1.0
-0.04375
-0.14999999999999994
-0.16666666666666666
-0.08333333333333334
-0.1
-0.125
0.3375
0.78125
0.0
0.0
0.0
0.2556818181818182
0.0
0.0
0.0
0.25
0.4
-0.625
0.20000000000000004
0.0
0.3125
0.0
0.7
0.05
0.2333333333333333
0.13636363636363635
0.0
0.25
0.0
-0.19444444444444448
0.625
0.0
-0.4
-0.2
0.0
0.475
0.0
0.0
0.5
-0.3499999999999999
0.5
0.26785714285714285
-0.2
0.16666666666666666
0.05
0.0
0.202020202020202
0.15833333333333335
0.58125
-0.30000000000000004
0.5
-0.4
0.0
0.21111111111111114
0.0
0.0
0.0
0.0
0.0
-0.1
0.0
-0.0183919270833333
-0.15
0.30833333333333335
0.25
0.024999999999999994
0.2857142857142857
0.0
-0.3797743055555556
0.15625
-0.0625
0.5
0.03333333333333333
0.1875
0.35714285714285715
0.0
0.0
0.35
1.0
0.0
0.0
0.0
0.0
-0.3305555555555555
0.0
0.625
-0.4
0.4
0.1
0.0
0.35714285714285715
0.6
0.5
0.0
0.0
0.07142857142857142
0.0
0.0
-0.125
0.3333333333333333
0.0
-0.0625
0.0
0.3806818181818182
0.10312500000000005
0.3987723214285714
0.0
-0.3625
0.0
0.0
-0.2
0.0
0.28125
-0.4833333333333333
0.25
-0.15
0.1065340909090909
0.75
0.0
0.0
0.0
0.25
0.020833333333333332
0.25
0.08333333333333333
0.26666666666666666
0.19999999999999998
0.5
-0.05
0.0
0.09642857142857142
0.5
0.06818181818181818
0.0
0.0
0.0
0.0
0.0
0.30833333333333335
0.3333333333333333
0.0
-0.17499999999999996
0.36190476190476195
0.0
0.13636363636363635
-0.24305555555555558
0.0
0.0
-0.125
0.0
0.75
0.0
0.35
0.0
0.025000000000000005
0.0
-0.0055555555555554985
0.0
-0.15000000000000005
0.08333333333333334
0.0
0.0
0.5
0.0
0.0
-0.24305555555555558
-0.2333333333333333
0.75
0.515625
0.22
0.0
0.19999999999999998
0.0
0.0
-0.034375
0.0
0.024999999999999984
0.1
-0.2
-0.2
0.0
0.25
0.1
0.0
0.0
-0.640625
0.0
0.5
-0.30000000000000004
0.0
0.08909090909090908
-0.0755844155844156
0.0
0.0
0.0
0.2
0.0
-0.5
0.0
-0.2
0.61875
0.25
0.13636363636363635
0.0
0.1
0.06666666666666665
0.30000000000000004
0.2708333333333333
0.75
-0.26041666666666663
0.5
0.0
0.0
0.5
0.13636363636363635
0.0
0.0
0.9765625
0.13636363636363635
-0.06944444444444443
0.3333333333333333
0.0
-0.43333333333333335
0.0
-0.25
0.0
0.0
0.13636363636363635
-0.2
0.0
0.625
0.0
1.0
0.0
0.0
0.18148148148148147
0.16666666666666669
1.0
0.0
0.0
0.0
-0.05
0.25
0.5
0.0
0.0
0.25
-0.2
0.5
-0.05555555555555555
0.0
0.7
-0.25
0.3333333333333333
0.012500000000000011
1.0
-0.4
-0.05
0.2857142857142857
0.0
0.0
0.0
0.0
0.0
0.0
0.0
1.0
0.0
0.4140625
0.3125
0.0
0.36562500000000003
0.04722222222222221
-0.4
0.2
0.0
0.4375
0.0
0.0
-0.2
0.0
0.5
0.5
-0.13518518518518519
-0.15
0.5
-0.04242424242424244
-0.4
0.3333333333333333
0.09999999999999998
0.0
0.0
0.4444444444444444
-0.5
-0.5
0.1722222222222222
0.0
0.0
0.2
0.0
0.0
0.0
-0.16666666666666666
0.3
0.0
0.0
0.11481481481481481
0.0
-0.6999999999999998
1.0
0.8
0.75
0.1
0.0
0.0
0.0
0.0
0.3125
0.0
0.13636363636363635
0.03333333333333333
0.13636363636363635
-0.016666666666666663
-0.033333333333333326
0.2
0.0
0.4464285714285714
0.0
-0.125
0.0
-0.15555555555555559
0.5
0.2857142857142857
0.75
0.0
0.0
0.0
0.0
0.5
0.26633522727272724
0.13333333333333333
0.0
0.0
0.0
0.13636363636363635
0.0
0.0
0.01874999999999999
0.2857142857142857
0.175
0.0
0.0
0.0
-0.4
0.175
0.0
-0.30833333333333335
0.3090909090909091
-0.19444444444444448
0.4666666666666667
0.3875
0.016666666666666666
0.625
0.0
0.0
0.0
-0.125
0.6
-0.24107142857142858
0.0
0.2
-0.15555555555555559
0.0
0.03333333333333333
0.25
-0.325
0.0
0.06026936026936026
0.0
-0.5
0.0
-0.6047619047619047
0.4
0.2
0.25
0.5111111111111111
0.13636363636363635
0.0
-0.5
0.0
-0.35
0.4
0.35
0.5
0.0
0.2619047619047619
0.61
0.0
0.0
0.0
0.37878787878787873
0.0
1.0
-0.0625
0.0
0.0
0.16
-0.5
0.1
0.44999999999999996
-0.2
-0.4
0.1
-0.22685185185185186
0.5833333333333334
0.16666666666666669
0.0
0.475
0.26851851851851855
0.0
0.12
0.0
0.5
0.17045454545454544
0.0
-0.12962962962962962
0.325
0.0
0.13636363636363635
0.0
0.8
0.8
0.0
0.03125
0.8
-0.06666666666666667
-0.5
0.3104166666666667
0.0
-0.1
0.43333333333333335
0.0
0.1
0.05
0.0
-0.1
0.0
-0.1
0.033333333333333326
-0.1
-0.25
0.0
0.0
0.27878787878787875
0.10416666666666667
0.0
0.0
0.6000000000000001
-0.7749999999999999
-0.015151515151515152
-0.16666666666666666
-0.4
0.26666666666666666
0.13636363636363635
0.0
-0.07968253968253969
0.9375
0.0
0.15625
0.0
0.0
0.0
0.0
0.0
0.0
0.4
0.375
-0.15555555555555559
0.3
0.125
0.8
0.04999999999999999
0.13636363636363635
0.0
-0.6
-0.16666666666666666
0.0
0.35625
0.0
0.0875
0.2
0.35
0.4583333333333333
0.06333333333333332
0.0
0.0
0.0
-0.20833333333333331
0.3166666666666667
0.4000000000000001
0.4453125
0.4
0.0
0.5
0.0
0.13636363636363635
1.0
0.45
0.0
-0.1875
0.0
0.0
0.03333333333333333
0.28640873015873014
0.0
0.0
0.11904761904761905
-0.23125
-0.06666666666666667
0.125
0.175
-0.05
-0.1953125
0.25
0.375
0.1
0.06818181818181818
0.45
-0.3
0.0
0.35
-0.3
0.0
0.5
0.0
0.07291666666666667
0.3
-0.15555555555555559
0.0
0.11688311688311688
0.13636363636363635
0.031901041666666574
0.22499999999999998
0.5
0.8
0.0
0.25
0.4
0.2125
0.0
0.6
0.4
0.4
0.5
-1.0
0.0
0.3
0.25
0.2833333333333333
0.06999999999999999
-0.05555555555555555
0.2
0.46875
-0.3035714285714286
0.5
0.0
0.0
0.0
0.0
0.4
0.34375
0.0
0.35
0.05
0.0
0.0
0.9375
0.0
-0.46875
0.0
0.0
0.3926767676767677
0.04545454545454545
-0.2
0.0
0.0
0.390625
0.3125
-0.1
0.27999999999999997
0.5
1.0
0.2
0.0
-0.3068181818181818
0.0
0.4166666666666667
0.85
0.484375
-0.5
0.0
0.0
-0.15476190476190477
-0.125
0.375
0.205859375
0.4
0.375
0.4
0.75
0.625
0.2333333333333333
0.0
-0.16666666666666666
-0.3
-0.05
0.0
0.475
0.024999999999999984
0.0
0.0
0.5
0.3
0.7
0.11818181818181818
0.0
0.5
0.0
-0.75
-0.19999999999999998
0.0
0.5
0.0
0.4
0.225
0.5
0.0
0.03409090909090909
-0.05
0.0
-0.2
0.0
0.20555555555555557
0.25
0.40625
0.0
-0.6999999999999998
-0.078125
-0.2708333333333333
0.09642857142857142
0.19999999999999998
0.0
0.0
0.7666666666666666
0.35
0.0
0.08333333333333334
0.25
0.0
0.0
0.0
0.0
-0.125
0.0
-0.4
0.0
0.4
0.75
0.675
0.2
1.0
-0.15
0.0
0.5
0.0
0.55
0.0
-0.4
0.4
0.0
1.0
0.0
0.0
0.024999999999999984
0.0
-0.6
0.15000000000000002
0.0
0.16666666666666666
0.0
1.0
-0.5
-0.05
0.35
-0.03125
0.0
-0.4
0.0
0.0
-0.19999999999999998
0.375
-0.2
0.05
0.0
-0.2
-0.08333333333333333
0.0
-0.08124999999999998
0.5833333333333334
0.0
0.0
0.0
0.875
0.0
0.25
1.0
0.8
0.13636363636363635
0.125
0.2
0.3371212121212121
0.16666666666666666
0.0
0.0
0.0
0.625
0.05333333333333334
0.5
0.25
0.13636363636363635
0.06666666666666667
0.54296875
0.075
0.6000000000000001
-0.16666666666666666
0.0
0.26633522727272724
0.5
0.13636363636363635
0.25
0.0
0.25
-0.03125
-0.04583333333333334
0.0
0.25
0.35
0.0
0.0
-0.25
0.14015151515151514
0.0
0.0
-0.4
0.21212121212121213
0.16818181818181818
0.3125
0.0
-0.05
0.0
0.15340909090909088
0.0
-0.12083333333333333
-0.625
-0.05
0.5
-0.2
-0.14583333333333334
0.25
-0.39999999999999997
0.4
-0.5
0.4375
0.13636363636363635
1.0
0.5625
-0.2318181818181818
0.3125
0.0
-0.015277777777777793
-0.1
0.3
0.45
0.125
0.13333333333333333
0.125
0.5
-0.3333333333333333
0.0
0.061111111111111095
0.0
0.0
0.6103515625
0.0
0.0
-0.25
0.275
0.7
0.04999999999999999
0.5
0.15
0.0
0.25
-0.10000000000000002
0.2708333333333333
0.0
0.06818181818181818
1.0
0.41041666666666665
0.9
0.0
-0.07083333333333328
0.14545454545454545
0.34375
0.0
0.0
0.3333333333333333
-0.19999999999999998
0.7500000000000001
0.0
0.8
0.3125
0.0
0.0
0.4166666666666667
0.6
0.13333333333333333
0.0
-0.13181818181818183
0.3333333333333333
0.0
-0.16666666666666666
0.175
0.55
0.0
0.0
0.25
0.5
-0.4
0.25757575757575757
0.1875
0.0
0.06666666666666667
0.4
0.0
0.0
-0.13333333333333333
0.2
0.2
0.225
0.25
0.375
-0.04062499999999994
0.425
0.0
0.0
0.0
0.06818181818181818
0.0
0.0
0.0
0.5
0.43333333333333335
0.0
0.0
-0.05
0.2857142857142857
0.3025568181818182
0.25
-0.051851851851851864
0.0
0.0
-0.15625
0.0
0.13636363636363635
0.28888888888888886
0.5190476190476191
0.25
0.0
0.35
0.0
0.6
0.5
0.13636363636363635
0.0
-0.1
1.0
0.15000000000000002
-0.05000000000000002
0.18333333333333332
0.43333333333333335
0.0
0.0
0.271484375
0.0
-0.125
0.0
-0.3125
0.04166666666666667
0.8
0.0
0.4928571428571428
0.13636363636363635
0.5
0.4
-0.4
1.0
0.0
0.0
0.15
0.0
0.0
0.4
0.0
0.575
0.25
0.0
0.625
0.0
0.4
0.5
-0.1125
0.0
0.39999999999999997
0.0
-0.06666666666666667
0.28980654761904756
0.5
0.0
-0.125
0.2
-0.1953125
-0.09375
0.6666666666666666
0.0
0.6
0.33636363636363636
0.0
-0.125
0.0
-0.5499999999999999
0.6
0.2916666666666667
0.0
-0.2
0.5
0.0
0.0
0.0
-0.07777777777777779
0.0
0.5
0.484375
0.0
0.21666666666666665
-0.15416666666666667
0.6
0.78125
0.21875
0.5381944444444444
0.2
0.46875
0.26180555555555557
0.0
-0.2
-0.12000000000000001
0.0
0.0
0.5666666666666667
0.0
0.0
-0.2
0.26875
0.0
0.2
0.125
0.06818181818181818
0.375
0.3333333333333333
0.0
0.3
0.4583333333333333
-0.1
-0.4
-0.14583333333333334
-0.1
0.8
-0.30000000000000004
0.7359730113636364
0.0
-0.3888888888888889
0.0
-1.0
0.0
0.0
0.0
0.21666666666666667
0.8
-0.052777777777777785
0.5570845170454546
0.0
0.625
-0.2
0.25
0.0
0.125
0.0
0.0
0.0
0.0
0.25
0.14285714285714285
0.0
0.0
-0.6
0.15656565656565655
0.0
0.35
0.0
0.0
0.46875
0.0
0.0
0.625
0.8
0.3125
-0.12222222222222223
0.9
0.0
0.0
0.875
0.3333333333333333
0.0
-0.05000000000000001
0.0
0.0
-0.16666666666666666
0.0
0.0
0.3875
0.15
-0.04999999999999999
0.0
1.0
0.0
0.0
-0.03333333333333336
0.0
0.25
0.2
0.5
0.9765625
0.022222222222222237
-0.3
0.0
0.09999999999999999
0.4
-0.25
0.0
0.0
0.275
0.03333333333333333
0.4453125
0.5
0.0
0.35
0.0
0.3125
0.02777777777777778
0.609375
0.0
0.1
0.2
0.5
-0.2
0.0
-0.2833333333333333
0.5454545454545454
0.25234375
0.0
0.25925925925925924
0.4166666666666667
0.09999999999999999
0.25
-0.26666666666666666
0.0
0.35000000000000003
-0.03125
1.0
-0.2
0.0
0.6166666666666667
1.0
0.0
0.0
0.0
0.0
0.0
0.41614879261363635
0.4
0.0
-0.06666666666666668
0.5
-0.025
0.2
0.6875
0.5
0.049999999999999996
0.05
0.19999999999999998
0.625
0.0
0.0
0.4
0.25
0.0
0.0
0.21250000000000002
-0.15555555555555559
-0.4
0.4
0.1
0.08333333333333333
0.0
0.3125
-0.2
0.25
-0.16666666666666666
0.8
0.0
0.4583333333333333
-0.2
0.3333333333333333
-0.03125
0.0
0.35
0.0
0.0062500000000000056
-0.05
0.41875
0.0
0.25
0.7
0.0
0.0
-0.2
0.0
-0.024999999999999994
0.44642857142857145
0.8
0.0
-0.5
0.0
0.37878787878787873
-0.05
1.0
-0.1
-0.34375
0.7
0.5
-0.16666666666666666
-0.36666666666666664
-0.16666666666666666
0.04722222222222221
0.5
0.23125
0.25
0.0
0.0
0.0
0.0
0.9166666666666666
0.8
-0.05
0.5681818181818181
-0.6
0.2715909090909091
-0.2
0.0
-0.4
0.0
0.55
0.05
0.8
0.0
0.0
0.3333333333333333
0.0
0.15
-0.3125
0.7
-0.0625
-0.48828125
-0.033333333333333354
0.0
0.5
0.0
0.0
0.0
0.0
0.3333333333333333
0.1
0.7
0.6
0.0
0.0
0.0
0.0
-0.1
0.0
0.4125
-0.2
0.15277777777777776
0.0
0.8
0.30517578125
0.5
0.25
-0.0062500000000000056
0.0
0.0
-0.2
-0.25
0.5
0.0
-0.3125
0.4296875
0.0
-0.2
0.0
0.17045454545454544
0.0
0.16666666666666666
0.35
-0.07777777777777779
0.0
0.0
0.04999999999999999
0.3
0.8
0.45999999999999996
-0.14444444444444443
0.29545454545454547
-0.2
0.0
0.0
0.0
0.7
0.0
0.6428571428571428
-0.1
0.05416666666666666
0.06818181818181818
0.0
0.4666666666666666
0.07500000000000001
0.0
0.0
0.0
0.0
0.575
0.5069444444444444
0.0
-0.4
0.875
0.25
0.75
0.3
-0.07777777777777779
0.0
0.625
0.0
0.6875
1.0
0.08
-0.16666666666666666
0.0
0.0
0.4
1.0
0.0
0.0
-0.07777777777777779
0.6770833333333335
-0.13020833333333331
0.375
0.0
0.7
0.0
-0.26666666666666666
-0.05
-0.2
0.08461538461538462
0.0
-0.4
0.5
0.0
0.16944444444444443
0.7
0.0
0.7
0.2333333333333333
0.0
0.24318181818181817
0.0
0.005681818181818177
0.0
0.8
0.4
-0.14761904761904765
0.15
0.1
0.11818181818181818
0.271484375
-0.5
0.33854166666666663
0.22227272727272726
0.5453125
1.0
0.175
0.0
0.0
-0.15185185185185188
1.0
0.5
0.8
0.0
0.0
0.1
0.375
-0.4
0.0
0.0
-0.4
0.4833333333333334
0.53125
0.0
0.0
0.5
0.3333333333333333
0.8
0.0875
0.0
0.4
0.25
0.30833333333333335
0.03437499999999999
0.0
-0.4
-0.2
-0.5
0.8
0.15
-0.1
0.0
0.45
0.4
-0.33819444444444446
-0.2
-0.125
0.0
-0.4
0.5
0.0
0.0
0.0
0.0
0.09999999999999999
0.0
0.0
0.25
0.0
0.0
0.08484848484848484
-0.13333333333333333
-0.4
0.1875
0.0
-0.25
-0.16666666666666666
0.13636363636363635
0.0
0.0
0.24675324675324675
0.2
-0.4
0.325
0.1884920634920635
-0.4
0.0
0.0
-0.4
0.0
0.0
0.75
0.06818181818181818
0.0
0.06818181818181818
-0.08333333333333333
-0.25
0.0
-0.0875
0.75
0.0
0.0
0.8
0.225
0.8
0.4
-0.15000000000000002
0.5
0.0
0.5181818181818182
0.0
0.5
-0.07777777777777779
-0.25
0.203125
0.8
0.0
0.0
0.4895833333333333
0.0
0.0
0.04999999999999999
0.0
-0.08333333333333333
0.5
0.0
0.0
0.0
0.0625
0.45
0.0
0.37708333333333327
-0.13333333333333333
0.0
0.125
-0.4
-0.11666666666666668
0.0
0.5
0.0
0.25
0.25
0.25
0.06666666666666667
0.6
0.125
0.024615384615384615
0.5
0.0
0.0
0.0
-0.07500000000000001
0.0
0.0
0.8
-0.4
0.25
0.06818181818181818
1.0
0.24166666666666667
0.5666666666666667
-0.05555555555555555
0.0
0.010648148148148148
0.0
-0.25
0.0
0.25
0.16666666666666666
-0.1
-0.06944444444444443
0.0
-0.24305555555555558
0.0
0.0
0.2
0.35
0.3958333333333333
0.0
-0.4
0.0
-0.09375
0.0
0.22073863636363636
0.325
0.0
-0.2
-0.16666666666666666
0.3
0.6599999999999999
0.375
0.271484375
0.125
0.625
0.0
0.2
-0.26041666666666663
0.2174242424242424
0.0
0.25
0.0
0.14285714285714285
0.0
0.15833333333333333
0.046875
0.53125
0.21666666666666667
-0.4
0.0
-0.4
0.0
0.7
0.22727272727272727
0.0
0.0
0.275
0.6000000000000001
0.18425925925925926
0.0
0.0
0.4375
0.049999999999999996
0.2
0.30625
0.109375
0.08333333333333334
0.0
-0.02777777777777779
0.0
0.0
-0.05238095238095238
0.625
0.4
0.0
-0.2
0.475
0.0
1.0
-0.1625
0.0
0.584375
0.17857142857142858
0.8255208333333334
0.5
-0.4
0.0
0.0
-0.3625
0.30625
0.0
0.125
0.675
0.3333333333333333
0.5625
0.45
0.0
0.0
0.0
0.0
0.0
0.09999999999999999
0.44999999999999996
0.0
0.65
-0.4
0.0
-0.375
-0.016666666666666673
0.16666666666666666
0.0
0.0
-0.06010101010101012
0.44999999999999996
0.4166666666666667
0.0
0.55
-0.9375
0.2
-0.08333333333333333
1.0
0.3333333333333333
0.25
0.0
0.02500000000000001
-0.5
-0.08333333333333333
0.0
0.3333333333333333
0.0
0.13636363636363635
0.0
-0.8
-0.4747178819444445
-0.1
0.0
1.0
0.13
0.0
0.0
0.0
0.71875
0.0
0.0
0.6
0.3125
0.0
-0.4
0.0
1.0
0.16666666666666666
-0.16015625
0.0
0.375
0.0
0.0
0.0
0.06818181818181818
-0.04166666666666667
0.25
-0.4
0.35
0.0
0.13636363636363635
0.5
0.5
0.7
0.0
-0.1
0.0
0.0
-0.2
0.0
0.0
0.0
0.0
0.06818181818181818
0.09999999999999999
0.06818181818181818
-0.02777777777777779
-0.175
0.0
0.3
0.1875
-0.13333333333333333
-0.2
-0.033333333333333326
-0.02897727272727273
0.0
0.175
-0.17500000000000002
-0.15000000000000002
0.65
-0.018750000000000003
0.0
-0.05
-0.4
0.21277777777777782
-0.2
0.1
0.6000000000000001
0.0
0.5151515151515151
0.375
0.0
-0.1
0.09999999999999998
0.0
-0.06818181818181818
-1.0
0.0
0.2
0.64
0.0
-0.023809523809523805
-0.4
0.0
0.11666666666666665
0.0
0.625
0.0
0.0
0.0
0.0
0.375
0.30000000000000004
-0.033333333333333326
0.25
0.0
0.21666666666666665
-0.08333333333333333
-0.2
-0.16666666666666666
0.3333333333333333
0.0
0.2
-0.2
0.16666666666666666
-0.07777777777777779
0.29375
-0.06666666666666667
0.125
0.4375
-0.4
-0.05
0.4
0.2857142857142857
0.0
0.13636363636363635
0.40909090909090906
0.0
0.25
0.3125
0.0
0.0
0.0
-0.05
-0.54375
0.25
-0.13333333333333333
-0.1875
0.0
0.4
0.3333333333333333
1.0
0.35
0.14285714285714285
0.4375
0.0
0.0
0.16666666666666666
0.175
0.0
0.0
-0.15555555555555559
0.0
0.0
0.39999999999999997
0.625
0.0
0.0
0.0
0.0
0.0
-0.4
0.5
0.0
0.32708333333333334
0.0
0.5
0.04999999999999999
0.13636363636363635
0.09999999999999999
0.13636363636363635
0.0
0.0
-0.4
0.0
0.0
-0.2
0.16666666666666666
0.0
-0.45
0.0
0.0
0.17222222222222222
0.25
0.09999999999999999
0.012499999999999997
0.0
0.734375
0.0
-0.125
0.0
0.06022727272727272
0.0
0.016666666666666677
0.13333333333333333
0.7
-0.2027777777777778
0.25
0.0
0.0
0.0
-0.07500000000000001
0.4
-0.13701923076923075
-0.1
0.25
0.0
0.0
0.1
0.2681818181818182
0.1
0.35
0.0625
0.0
0.0
0.0
0.07878787878787878
0.0
0.4
0.1453125
0.0
-0.4
0.325
0.0
0.75
0.5859375
-0.25
0.0
0.0
-0.1
0.48828125
0.3
-0.4
0.4166666666666667
-0.1
0.0
0.0
-0.2
0.21818181818181817
-0.14583333333333334
0.0
-0.15
0.0
0.13636363636363635
0.02777777777777778
-0.5
0.02
0.5
0.033333333333333326
0.6000000000000001
0.012500000000000011
-0.1375
0.5
0.375
0.6
-0.07777777777777779
0.1
0.5
0.1
0.0
-0.175
0.01176948051948052
0.25
0.30000000000000004
0.0
-0.16666666666666666
0.0
0.0
0.5
-0.1
-0.25
0.215625
0.0
0.0
0.625
0.4
0.0
-0.1
-0.2
-0.03571428571428571
-0.5
0.2590909090909091
-0.6
-0.15555555555555559
-0.3888888888888889
-0.12916666666666665
-1.0
0.0
0.0
0.1
0.95367431640625
0.0
0.03333333333333333
-0.125
0.0
-0.4
1.0
0.06666666666666667
0.44642857142857145
-1.0
0.0
0.65
0.0
-0.2833333333333333
0.0
0.0
0.0
0.125
-0.4
-0.6
0.7
0.0
0.0
0.25
0.4
0.0
-0.4
-0.5
0.5
-0.6999999999999998
1.0
0.0
-0.4277777777777777
0.375
0.5
0.0
0.0
0.0
0.35
1.0
0.0
0.11666666666666668
0.0
0.2
0.5
0.0
0.08333333333333333
0.0
0.4
0.6333333333333333
0.1171875
0.7
0.16666666666666669
0.0
0.2
0.10000000000000002
0.5
0.6
0.0
0.16818181818181818
0.4
-0.20249999999999999
0.0
0.0
0.43333333333333335
0.0
-0.55
0.275
0.0
0.0
0.0
0.25
1.0
-0.1875
0.45
0.0
0.13636363636363635
-0.13181818181818183
0.25
0.21212121212121213
-0.15555555555555559
0.3181818181818182
0.28409090909090906
0.5
0.20000000000000004
-1.0
0.0
0.0
0.3444444444444445
0.0
0.0
-0.4166666666666667
-0.0625
0.37500000000000006
0.35
0.2
0.0
-0.4
0.1
-0.21666666666666667
-0.290625
0.0
0.1
0.5
0.033333333333333326
0.0
0.0
0.0
0.0
-0.5
1.0
0.2857142857142857
-0.033333333333333354
0.0
0.375
0.25
0.0
0.16666666666666666
0.5
0.2
0.25
0.0
-0.0851851851851852
0.3
0.0
0.2857142857142857
0.4952380952380952
-0.23076923076923078
0.0
0.0
0.3333333333333333
0.0
0.2
0.5
0.08616161616161615
0.1
0.5
0.1
0.0
0.0
0.0
0.3
-0.5
0.0
1.0
-0.375
0.06818181818181818
0.0
-0.15555555555555559
1.0
0.6416666666666667
0.0
0.0
0.0
0.13636363636363635
0.25
0.0
-0.15555555555555559
0.13333333333333333
0.5375
0.9099999999999999
-0.16666666666666666
0.25
-0.78125
0.0
0.0
0.1
0.0
0.033333333333333326
0.5
0.7
0.5
0.5833333333333334
0.0
0.0
0.0
0.0
0.0
0.05
-0.1875
-0.025000000000000022
0.4
0.125
0.0
0.1
0.3
0.6
0.0
0.0
-0.016666666666666666
0.13333333333333333
0.36818181818181817
0.2
0.4
0.30000000000000004
0.8
-0.08333333333333333
0.0
-0.25
0.0
0.0
0.0
-0.5
0.17083333333333334
0.7
0.35
0.0
0.0
-0.012500000000000011
0.1
0.0
0.44000000000000006
0.0
0.0
0.06977272727272728
0.0
0.025
-0.06818181818181818
0.4
0.0
0.445
0.0
-0.2242063492063492
0.13333333333333333
-0.11000000000000001
0.0
0.25
0.0
0.12878787878787878
0.0
0.0
-0.25
0.5
0.6734375
0.445
0.11588541666666667
0.625
0.39999999999999997
0.3125
0.19652777777777783
0.175
0.0
-0.11538461538461539
0.0
0.25
0.4
0.0
0.0
0.14999999999999997
0.26666666666666666
0.13636363636363635
0.25
0.25
0.25
0.0
0.0
0.0625
0.6
0.1
0.06818181818181818
0.0
-0.1
0.0
0.13636363636363635
0.2453125
0.0
0.0
0.0
0.65
-0.17500000000000002
0.04375000000000001
0.0
0.65
-0.15000000000000002
0.0
0.7
-0.4
-0.10714285714285715
0.6
0.0
0.0
0.3806818181818182
0.25
0.13636363636363635
0.3
0.5
0.4
0.0
0.23214285714285712
0.25
0.0
0.0
0.0
0.6
0.3229166666666667
0.21875
0.2857142857142857
0.0
0.4083333333333333
0.7
0.43333333333333335
0.0
-0.3333333333333333
0.0
0.0
0.5
0.6
0.26064814814814813
0.0
0.5
0.0
-0.9375
-0.015151515151515152
0.1
0.0
0.2
-0.3125
0.71875
1.0
0.27878787878787875
1.0
-0.07222222222222223
0.3666666666666667
0.5125
0.22857142857142856
0.2
0.05
0.26666666666666666
0.8
-0.35
-0.3374999999999999
0.17777777777777778
0.5375
-0.4
0.0
0.15
0.2777777777777778
0.634375
-0.375
0.5
0.8
0.3
0.0
-0.1
0.2
0.0
0.0
0.65
0.0
0.0
0.13636363636363635
0.5
0.25
0.0
0.05
0.0
0.3
0.0
0.0
0.762939453125
-0.020833333333333336
0.0
-0.2
0.0
0.17045454545454544
0.2
0.5
0.125
0.0
0.2833333333333333
-0.03125
0.0
0.634765625
-0.04444444444444443
0.0
0.0
0.16666666666666666
0.24318181818181817
-0.05
0.7000000000000001
0.06818181818181818
0.662109375
0.5681818181818181
0.10000000000000002
0.06818181818181818
0.0
0.2785714285714285
-0.13181818181818183
0.0
0.375
0.175
0.25
-0.2571428571428572
0.0
0.0
0.0
0.0
0.8
0.0
0.0
0.08461538461538462
0.5
0.0
0.75
0.0
0.09545454545454544
0.08
0.14285714285714288
-0.25
0.0
0.25
0.0
0.26633522727272724
0.09999999999999998
0.0
0.13636363636363635
0.0
0.0
0.6
0.6
0.0
0.0
0.3
0.0
0.0
0.5
-0.125
0.30000000000000004
1.0
0.0
0.16818181818181818
0.0
0.875
0.35
0.17857142857142858
0.0
0.5
0.3181818181818182
0.25
0.08
0.0625
-0.05
0.275
-0.375
0.125
0.09999999999999998
0.2
0.125
0.2
-0.0888888888888889
0.0
0.0
0.13727272727272727
0.0
0.011111111111111112
0.0
0.1
0.0
1.0
0.6
0.0
0.5
-0.30000000000000004
0.0
0.0
0.05000000000000001
0.0
0.6666666666666666
0.05
0.0
-0.2
-0.25
0.0
0.2729166666666667
0.05770202020202019
1.0
0.0
0.0
0.1953125
-1.0
1.0
0.05
-0.25
0.22000000000000003
0.06666666666666667
0.5
0.7
0.51
0.25
0.25
0.0
0.0
0.5
0.325
0.25
0.3
0.8
0.0
0.05
0.1
0.0
0.7
0.2
0.1
0.125
0.25
0.3
-0.16964285714285715
0.125
0.5
-0.35
0.5
0.0
0.4
0.4778409090909091
0.5
0.0
0.0
0.15625
0.5666666666666668
0.35
0.45
0.0
-0.05
0.25757575757575757
0.08333333333333333
-0.5
0.7
0.06818181818181818
-0.2125
0.13055555555555554
0.0
0.6
0.36
0.8
0.2
0.65
-0.125
0.0
0.2
1.0
0.8
0.5
-0.75
-0.5
-0.04999999999999999
0.0
0.19047619047619047
0.024999999999999984
0.5
0.0
0.5
0.0
0.0
0.0
0.13636363636363635
0.9
0.0
0.1
0.22321428571428573
-1.0
-0.20000000000000004
0.0
0.0
-0.0625
1.0
0.45
0.45
0.0
-0.1
0.0
0.5
0.0
0.0
-0.275
-0.19999999999999998
0.1971153846153846
0.5
0.0
0.0
0.0
0.0
0.0
0.0
0.0
0.15
0.4166666666666667
-0.36683238636363635
0.0
0.0
0.61875
0.0
0.7
0.10555555555555557
0.9
0.46875
0.0
-0.5944444444444444
0.1
0.0
0.23333333333333336
-0.75
0.6
0.0
0.0
0.0
0.0
0.17222222222222222
-0.5
0.4
0.5
0.013986013986013976
-0.15
0.0
0.375
-0.2
0.0
-0.2
0.0740909090909091
0.0
-0.09375
0.5333333333333333
0.17857142857142858
-0.49642857142857144
0.16666666666666666
0.4787878787878788
0.0
0.0
0.3833333333333333
0.0
0.0
0.85
0.725
0.05770202020202019
0.0
0.8
0.075
0.175
-0.4
0.0
-0.2
0.0
0.4
0.2066666666666667
0.04999999999999999
0.11249999999999999
0.0
-0.14423076923076925
0.35
0.2
0.0
0.4
-0.36683238636363635
-0.21666666666666667
-0.3125
0.17625000000000002
0.31666666666666665
0.7
0.0
0.4
0.7
1.0
0.09375
0.0
0.0
-0.4
-0.07142857142857142
0.4
-0.3
0.675
-0.5
0.0
0.8138020833333331
-0.13392857142857145
0.26666666666666666
0.6166666666666667
-0.10000000000000002
0.0
0.0
0.35
0.0
0.5
0.375
0.7666666666666666
0.0
0.13636363636363635
-0.290625
0.0
0.0
0.0
0.6
-0.07142857142857142
0.0
0.4000000000000001
-0.59375
0.0
0.5465909090909091
0.10000000000000002
0.05
0.7
0.275
1.0
0.24545454545454545
0.0
0.0
0.3333333333333333
0.175
0.3
-0.9
0.7
0.0
0.575
0.07499999999999998
0.5
0.58
1.0
-0.4
-0.4
0.0
0.26249999999999996
0.0
0.13636363636363635
0.5
1.0
0.1875
-0.19999999999999998
0.5
0.0
-0.21666666666666665
-0.4
0.13333333333333333
-0.10714285714285715
0.0
-0.11477272727272729
0.0
0.425
-0.6999999999999998
0.0
0.0
0.0
0.0
0.5
0.0
0.2
0.0
0.4166666666666667
-0.05277777777777779
0.5
0.3055555555555556
0.2708333333333333
0.0
0.13333333333333333
0.35
0.16666666666666666
0.40909090909090906
0.0
0.26666666666666666
-0.08787878787878789
-0.09722222222222224
-0.03571428571428571
0.0
-0.07142857142857144
0.0
0.0
0.0
0.19652777777777783
0.5
0.022222222222222213
-0.2833333333333333
0.3444444444444445
0.875
-0.2
-0.25
0.0
0.875
0.5
0.0
0.0
0.25
0.5
0.4
0.19999999999999998
0.3333333333333333
0.2111111111111111
0.0
0.5
0.3875
-0.5499999999999999
0.2708333333333333
-0.4
-0.4
-0.0625
0.0
0.38
-0.05
0.5
0.45
0.0
0.3333333333333333
0.0
0.5805555555555556
0.36818181818181817
0.2734375
0.5
0.0
0.0
0.3181818181818182
-0.17361111111111108
0.3
0.0
-0.15000000000000002
0.0
1.0
-0.06481481481481483
0.5333333333333333
0.25
-0.3194444444444444
-0.3499999999999999
0.0
0.5
0.6
-0.2777777777777778
-0.078125
0.5859375
0.13636363636363635
0.128125
0.1
0.1
0.0
-0.4
1.0
0.3770833333333333
0.08333333333333333
0.07272727272727272
0.0
0.180859375
0.25
-0.4
0.125
0.25
0.6000000000000001
-0.15000000000000002
0.43333333333333335
0.0
0.0
0.0
0.484375
0.175
0.55
0.75
0.2857142857142857
0.0
0.0
0.34375
0.0
0.2727820553763547
-0.13181818181818183
-0.225
0.0
0.0
0.25
0.078125
0.3125
-0.05
0.0
-0.1
0.36818181818181817
0.44523809523809527
-0.05
0.43333333333333335
0.5
-0.14583333333333334
0.3
0.0
0.8000000000000002
-0.39999999999999997
0.16666666666666666
0.19999999999999998
0.0
0.0
-0.2
0.5
0.049999999999999996
0.0
0.0
0.13333333333333333
-0.2
0.0
0.0
-0.575
-0.22916666666666669
0.0
0.16450216450216448
0.16666666666666666
0.0
1.0
0.8125
0.0
0.625
-0.051851851851851864
0.35
0.3214285714285714
-0.40952380952380957
0.0
0.5
0.0
0.0
0.4
0.0
0.0
-0.1375
0.6125
-0.3333333333333333
0.0
-0.20833333333333331
0.0
0.6
0.125
0.0
0.1
-0.051851851851851864
0.3333333333333333
0.0
0.2537878787878788
0.0
0.0
-0.5
0.0
0.35000000000000003
0.5666666666666667
0.4083333333333334
-0.15000000000000002
0.05
0.1875
0.0
0.0
0.7
0.30000000000000004
0.0
-0.07777777777777779
-0.30000000000000004
0.32222222222222224
0.0
0.4588068181818182
-0.3125
0.14545454545454545
0.0
0.13636363636363635
0.13636363636363635
0.25
0.35
0.65
0.0
0.1
0.0
-0.25
0.175
-0.3
0.375
0.3333333333333333
-0.10625000000000001
0.0
-0.09804687499999999
0.125
-0.3
0.0
0.2
0.6208333333333333
0.4
-0.4
0.04999999999999999
0.15625
0.1
0.0
0.0
0.5
0.0
0.43
0.0
0.29166666666666663
0.1
0.03333333333333333
-0.025
0.13636363636363635
0.890625
0.04999999999999998
0.0
0.0
0.033333333333333326
0.0
0.0
-0.2
0.0
0.0
0.0
0.36875
0.0
0.0
0.0
0.0
0.225
0.5
0.0
0.8
-0.390625
0.26666666666666666
0.2
-0.29999999999999993
0.1
-0.125
0.21212121212121213
0.0
-0.45499999999999996
-0.2888888888888889
0.0
0.58125
0.0
0.061904761904761886
-0.1125
0.0
0.75
0.29814814814814816
0.0
0.8
1.0
0.0
0.2
0.0
-0.06666666666666665
0.0
0.0
0.0
0.0
0.0
0.25
0.1
-0.2833333333333333
-0.11712962962962965
-0.5
0.0
0.0
-0.030555555555555558
0.5953125
0.0
0.4000000000000001
-0.32552083333333326
0.0
1.0
0.5
-0.75
0.0
-0.2
0.4375
0.1
-0.05681818181818182
0.125
0.0
0.8000000000000002
-0.1
0.0
1.0
-0.2
-0.39999999999999997
0.2
0.6875
0.6666666666666666
0.17045454545454544
0.0
-0.5
0.0
0.0
-0.09804687499999999
0.65625
0.0
0.0
0.02250000000000001
0.0
0.20833333333333334
0.4
0.2708333333333333
1.0
-0.4
0.125
0.0
0.27409090909090905
0.0
0.12187500000000001
-0.2
0.041666666666666664
-0.15
0.7750000000000001
-0.2318181818181818
0.3
0.0
0.5
0.325
0.0
0.4375
-0.75
0.375
0.0
0.16666666666666666
-0.41666666666666663
0.0
0.0
0.0
0.0
-0.375
0.0
0.5375
0.625
-0.4
0.0
0.0
0.0
0.13333333333333336
-0.5
0.12916666666666665
0.08333333333333333
0.2
0.46875
0.8
0.0
0.5
0.5
-0.06111111111111113
0.25
0.25
0.25
0.175
0.85
0.21212121212121213
0.125
0.478515625
0.175
0.0
0.0
0.04166666666666667
0.0
-0.1
0.45
0.0
0.375
0.0
0.0
0.08
-0.13181818181818183
0.0
0.09999999999999999
0.0
0.0
0.0
0.0
0.5625
-0.2
0.255859375
-0.9765625
0.375
0.16666666666666666
0.0
0.0
0.0
0.15
0.04999999999999999
0.0
0.0
0.9
0.0
-0.15000000000000002
0.375
0.2
0.0
0.225
0.5208333333333334
0.0
0.12063492063492064
0.25
-0.4625
0.15
0.0
0.875
0.0
-0.390625
0.0
0.3
-0.4
0.9
0.0
0.425
-0.09722222222222224
0.125
0.175
0.2375
0.0
-0.5
0.4
0.05
-0.5
0.0
0.08
0.10000000000000002
-0.125
0.75
0.3625
0.5
0.17045454545454544
1.0
0.0
0.2734375
0.125
0.125
0.2130681818181818
-0.95367431640625
0.0
-0.625
0.5535714285714286
0.26666666666666666
0.26666666666666666
0.0
-0.25
0.46875
0.6083333333333334
0.0
0.04999999999999999
0.5
0.65
0.0
0.125
0.20833333333333331
0.0
-0.35
0.05
0.3
0.22000000000000003
0.25
0.13333333333333333
0.4375
0.0
0.75
-0.07999999999999999
0.125
0.2916666666666667
0.0
0.0
0.625
0.0
-0.2625
-0.10714285714285715
0.1714285714285714
-0.1
2.2204460492503132e-17
-0.15555555555555559
0.5599999999999999
0.15714285714285714
0.0
0.0
0.0
0.8
0.0
0.0
-0.3
0.0
0.0
0.0
0.35
0.06818181818181818
0.78125
0.5
0.9
0.0
-0.4
0.0
-0.4
0.012121212121212116
-0.2
0.75
0.4375
0.0
0.0
0.45694444444444443
0.8
0.0
0.0
0.0
1.0
0.5
0.13636363636363635
0.25
0.4333333333333333
0.2604166666666667
0.0
0.0
0.35
0.08333333333333334
0.12187500000000001
-0.4
0.125
0.0
0.15833333333333333
0.34375
0.2
0.1
-0.06818181818181818
-0.15000000000000002
0.3
0.0
-0.6
0.0
0.125
-0.41666666666666663
0.0
0.6
0.332
0.06818181818181818
0.5
0.0
0.0
-0.4
-0.016666666666666666
0.0
0.18989898989898987
0.47500000000000003
0.0
0.15
0.0
0.0
0.0
0.0
-0.375
0.0
-0.018518518518518528
0.475
1.0
0.0
0.0
0.625
-0.04999999999999999
0.7
0.0
0.45
0.0
0.10972222222222221
0.5
0.0
0.8333333333333334
0.0
0.0
0.0
0.0
0.0
0.01477272727272727
0.0
0.0
0.3666666666666667
-0.39999999999999997
0.2
-0.1715277777777778
0.0
0.0
0.0
0.4375
0.0
0.0
0.8
0.0
0.85
0.7083333333333334
0.5
1.0
0.7
-0.15625
-0.13333333333333333
-0.125
0.0
0.0
0.0
0.0
0.0
0.0
-0.4333333333333333
0.25
0.525
-0.3797743055555556
0.0
0.0
0.0
0.0
0.4375
0.21212121212121213
-0.703125
0.21428571428571427
-0.08787878787878789
-0.39999999999999997
-0.2
0.375
0.13636363636363635
-0.1
0.0
0.15625
0.1
0.0
0.26666666666666666
0.4681818181818182
0.0
-0.325
0.5125
0.8
0.65
0.5
0.25
0.15833333333333333
0.0
-0.3821428571428572
-0.2
0.0
0.125
-0.3055555555555555
0.0
-0.1111111111111111
0.0
0.14375
0.5
0.78125
0.0
0.2
0.0
0.0
0.19047619047619047
0.0
-0.5933973524305556
0.005555555555555536
0.2
0.0
0.4
-0.0625
0.5
0.3416666666666666
0.17500000000000002
0.13636363636363635
0.15625
0.0
0.0
0.31212121212121213
0.0
0.0
0.0
0.2
0.35
0.0
0.0
0.5
-0.3
-0.3
0.3666666666666667
0.375
0.4666666666666666
-0.5
0.0
0.0
0.0
-0.4
0.0
0.0625
0.0
0.1
0.0
0.3333333333333333
0.0
0.0
0.0
0.11818181818181818
0.16666666666666666
0.18888888888888888
-0.234375
-0.025000000000000022
0.0
-0.15555555555555559
-0.78125
0.0
0.0
0.13636363636363635
0.0
0.0
0.13636363636363635
0.0
0.3
0.0
0.0
-0.03
0.4375
0.0
0.29375
0.13333333333333333
0.06818181818181818
0.5
0.4166666666666667
1.0
0.25
0.5
0.26666666666666666
0.0
0.0625
0.0
0.3375
0.0
0.3
0.39999999999999997
0.05
0.0
0.15757575757575756
0.0
-0.3333333333333333
0.0
0.16666666666666666
0.0
-1.0
0.12222222222222223
-0.15555555555555559
0.375
-0.35
0.7000000000000001
0.0
0.14285714285714285
1.0
0.0
0.13636363636363635
0.0
0.0
0.08333333333333333
0.35
0.5
0.125
-0.6999999999999998
0.1
-0.07500000000000001
0.0
0.0
0.65
0.5
0.1875
0.425
0.25
0.2130681818181818
-0.3499999999999999
0.4166666666666667
-1.0
0.0
0.25
0.0
0.0
0.0
0.0
-0.19166666666666665
0.0
0.21666666666666665
0.49
0.45
0.0
0.8666666666666667
0.5
0.5666666666666667
0.5681818181818181
0.5
0.16
0.0
0.0
0.0625
0.3625
0.0
0.0
-0.3
0.0
0.005555555555555554
0.13333333333333333
0.375
0.13636363636363635
0.0
0.225
0.3625
0.5
-0.15
0.0
0.025000000000000036
0.0
0.25
0.05555555555555555
0.0
0.5
-0.5
0.2
0.13636363636363635
0.0
-0.3333333333333333
0.0
0.44999999999999996
0.16818181818181818
0.21666666666666667
0.71875
0.0
0.1416666666666667
0.39285714285714285
0.45
0.2
-0.2
0.0
0.611111111111111
0.1
0.7500000000000001
0.0
0.25
0.0
0.29375
0.0
1.0
0.5
0.0
0.12708333333333333
-0.25999999999999995
0.024999999999999994
-0.05555555555555555
0.0
0.16666666666666666
0.16666666666666666
0.0
0.34375
0.5
1.0
-0.24305555555555558
0.0
0.30000000000000004
0.10833333333333334
0.0
0.0
0.19507575757575757
0.0
0.25
0.4
0.26
0.25
0.5
0.375
0.0
0.0
0.0
0.6
0.0
-0.06666666666666665
0.0
0.625
0.05000000000000001
0.16818181818181818
0.0
-0.025
-0.05000000000000002
0.3181818181818182
0.25
0.0
0.0
0.037500000000000006
0.125
0.0
0.0
0.0
0.35000000000000003
0.4000000000000001
-0.6999999999999998
0.0
-0.1875
0.5
-0.4
0.2
0.0
0.5
0.3666666666666667
0.0
0.2109375
0.17045454545454544
0.0
-0.2708333333333333
0.0
0.0
0.0
0.0
0.25
0.0
0.0
0.3
0.75
0.0
0.13636363636363635
0.0
0.0
0.0
0.07083333333333335
0.15625
0.0
0.0
0.0
0.2
0.11111111111111112
0.0
0.425
-0.14027777777777778
0.3666666666666667
0.2857142857142857
0.5
0.35
0.0
0.45
0.0
0.0
0.07500000000000001
0.0
0.15625
-0.2916666666666667
0.0
0.9
0.16666666666666666
-0.29444444444444445
0.0
-0.375
0.0
0.7
0.65
-0.5
-0.4
-0.2
0.0
0.1787878787878788
0.5
0.0
0.20625
0.0
0.0
0.0
0.30000000000000004
0.4
0.5
0.8
0.75
0.0
0.8
0.04999999999999999
0.0
-0.16666666666666666
0.4390909090909091
0.0
0.0
0.0
0.75
-0.05555555555555555
0.0
0.2
0.2
0.2
0.06818181818181818
0.06818181818181818
-0.3
-0.5
0.19999999999999998
0.4375
0.0
0.2833333333333333
-0.1416666666666667
-1.0
0.0
0.6
0.0
-0.03571428571428571
-0.05
-0.15555555555555559
0.25
0.15
0.0
0.0
0.54296875
0.5
0.3375
0.0
0.125
0.0
0.3
0.0
0.625
-0.1
0.0
0.06666666666666665
-1.0
0.2
0.14999999999999997
-0.78125
0.29545454545454547
-0.3
0.4
0.018181818181818174
0.5
0.0
0.4
-0.15555555555555559
0.25
0.09999999999999998
-0.05833333333333335
0.25
0.44999999999999996
0.7
-0.08333333333333333
0.37878787878787873
0.0
0.032467532467532464
-0.5
0.375
0.3642045454545455
0.0
-0.6000000000000001
0.0
0.0
0.0
-0.5
0.390625
0.5953125
0.475
0.8
0.0
0.0
0.78125
0.175
0.0
1.0
0.0
0.8
0.23768939393939395
0.4
-0.5
0.0
0.0
0.8375
0.0
0.0
-0.5
-0.2
-0.07500000000000001
0.5
0.0
0.0
0.13636363636363635
0.5583333333333335
0.25
0.8
0.0
0.06818181818181818
0.0
0.0
0.0
0.0
0.0
-0.25
-0.06666666666666665
0.027840909090909083
0.5
0.0
0.98828125
-0.4
0.13636363636363635
0.3333333333333333
0.0
0.4
0.0
0.35
-0.175
0.1
0.0
-0.8749999999999998
-0.19444444444444448
-0.16111111111111112
0.3
0.13636363636363635
0.08333333333333333
0.0
0.2
-0.1
0.26666666666666666
0.05
0.0
0.0
0.03333333333333333
-0.3
-0.3125
-0.25
-0.2
0.6166666666666667
-0.26666666666666666
0.13636363636363635
0.3
0.1
0.0
0.46875
0.0
0.0
0.6953125
-0.16666666666666666
0.14545454545454545
0.4
0.25
-0.09375
0.0
0.4
0.20833333333333334
-0.375
-0.3
0.25
1.0
0.0
-0.234375
0.15833333333333333
0.0
0.546875
-0.13333333333333333
0.0
-0.033333333333333326
0.0
0.4375
0.5
0.0
0.0
0.5
0.06666666666666667
0.17499999999999996
0.3666666666666667
0.5
-0.16666666666666666
0.1
0.08333333333333333
-0.6666666666666666
-0.039999999999999994
0.1
0.4
0.1
0.0
0.0
0.2
-0.15555555555555559
-0.35
1.0
0.05555555555555556
0.08333333333333333
-0.13333333333333333
0.0
0.375
-0.06666666666666667
0.3333333333333333
0.0
0.0
0.05
0.1
-0.2
0.0
0.0
1.0
-0.25
0.05
0.0
-0.11249999999999999
0.15674715909090908
-0.4
-0.35
0.0
0.004166666666666652
0.13636363636363635
0.0
0.0
0.0
0.0
0.0
0.0
0.9
0.0
0.13636363636363635
0.15000000000000002
0.0
-0.08928571428571429
-0.4
0.016666666666666646
-0.12500000000000003
0.4
0.0
0.0
0.25
-0.1647727272727273
0.4
0.0
0.04166666666666667
0.4
0.22499999999999998
0.1
-0.5
0.0
-0.25
0.0
0.0
0.1
-0.4318181818181818
0.13636363636363635
0.0
0.33333333333333337
-0.7
0.35
0.4
0.0
-0.07777777777777779
0.4125
-0.25
0.3333333333333333
0.75
0.0
-0.08333333333333333
0.0
0.0
0.0
1.0
0.0
0.16666666666666666
0.1
0.0
0.2857142857142857
0.0
0.012121212121212116
0.13636363636363635
0.2548611111111111
0.0
0.14285714285714285
0.47222222222222227
0.0
0.6666666666666666
0.0
-0.05000000000000001
0.0
0.375
0.20833333333333334
0.5
-0.2
0.5
0.1
0.04545454545454545
0.0
0.0
0.0
0.2102272727272727
-0.012499999999999997
0.06666666666666667
0.65
0.3
-0.3133333333333333
-0.125
0.3333333333333333
0.1
0.0
0.0
-0.15555555555555559
0.0
0.35
0.36666666666666664
0.0
0.0
0.2
0.26666666666666666
0.0
-0.5
-0.15555555555555559
0.0
0.0
-0.3
0.0
0.31666666666666665
0.0
0.0
0.0
0.5
0.75
0.26666666666666666
0.0
0.0
-0.05
0.0
0.0
0.0
0.0
-0.1875
0.0
0.125
0.0
0.0
0.0
0.0
1.0
0.0
0.0
-0.35454545454545455
0.25
0.0
-0.4
0.1
0.0
0.0
0.0
0.9
0.1875
0.4
0.11071428571428572
0.2777777777777778
0.25
0.25
0.13636363636363635
0.0
0.0
-0.041666666666666664
0.2833333333333333
0.6111979166666667
0.3
0.0
0.2729166666666667
0.0
0.5333333333333333
0.30000000000000004
0.0
0.0
0.0
0.0
-0.08333333333333333
-0.3833333333333333
0.5
0.6162109375
0.0
0.16
0.0
0.0
0.0
0.2750000000000001
-0.390625
0.2
0.17857142857142858
0.0
0.0
0.0
0.05000000000000002
0.0
0.39999999999999997
0.0
0.0
0.1
0.125
0.16666666666666666
0.1279296875
0.45284090909090907
0.5
0.3
0.1
0.0
0.1
-0.375
-0.1
-0.6
0.0
0.125
0.390625
0.0
-0.16666666666666666
0.06666666666666667
0.0
0.0
-0.25
0.06818181818181818
0.0
0.0
0.0
0.0
0.0
0.021428571428571425
0.36041666666666666
0.0
0.35
0.0
0.0
-0.1875
0.0
0.0
0.0
0.6
0.06193181818181818
0.0
-0.15555555555555559
0.35
0.0
0.024999999999999994
0.0
-0.4
0.6
-0.025
0.09999999999999999
0.0
0.06818181818181818
-0.13333333333333333
0.0
-0.4
0.8
0.0
-0.2
0.0
0.0
0.0
0.0
0.0
0.0
0.6
-0.4
0.13636363636363635
0.0
-0.05
0.0
-0.125
0.1392857142857143
0.3
0.0
0.2857142857142857
0.1875
0.7
0.375
0.25
-0.21428571428571427
0.0
0.13333333333333333
0.7750000000000001
-0.16666666666666666
0.15625
0.26666666666666666
0.0
0.55
0.0
-0.05681818181818182
0.734375
-0.1111111111111111
-0.4
0.0
0.3333333333333333
0.0
-0.4
0.18333333333333335
-0.4
0.17142857142857143
0.5
-0.3
0.10000000000000002
0.1
0.0
0.0
0.0
1.0
0.75
0.1
0.5
-0.23076923076923078
0.05277777777777778
0.5416666666666666
0.5
-0.2
0.2833333333333334
0.0
0.5
0.5750000000000001
0.0
0.45
-0.13181818181818183
0.0
0.0
0.45
0.05
0.2875
0.475
0.425
-0.09375
0.2765151515151515
0.3666666666666667
0.0
0.55
0.44642857142857145
0.0
-0.044444444444444446
0.0
0.625
1.0
0.35
0.0
-0.16666666666666666
-0.09999999999999999
0.26249999999999996
0.625
0.125
-0.125
0.5
-0.2125
0.7
0.5
0.0
0.0
0.0
-0.4
0.021428571428571436
0.0
0.0
0.14583333333333331
0.16875
0.023809523809523808
0.1953125
0.0
0.13333333333333333
0.0
-0.0625
0.07500000000000001
0.0
0.0
0.35
0.35
-0.12215909090909091
0.0
0.0
0.05
0.0
0.3333333333333333
0.3333333333333333
0.0
0.48
0.3190476190476191
0.1875
0.325
0.0
0.06818181818181818
0.3611111111111111
0.0
0.36190476190476195
0.20625
0.0
0.0
-0.15555555555555559
-0.2
0.8
0.275
0.65
0.31212121212121213
-0.5
0.0
0.625
0.15625
0.0
0.13636363636363635
0.1048611111111111
-0.15208333333333335
0.03409090909090909
0.0
-0.5125
0.2
0.06944444444444443
0.17045454545454544
0.19318181818181818
0.16666666666666666
0.6
-0.1
-0.20833333333333331
0.8
-0.0625
0.0
0.0
0.0
0.5333333333333333
0.3
-0.5
0.8
0.55
0.1
0.15625
-0.16666666666666666
0.25
0.7333333333333334
0.0
0.0
-0.3125
-0.125
0.0
0.4
0.04545454545454545
0.0
0.0
0.55
0.0
0.4
0.18333333333333332
-0.2
-0.175
0.2638888888888889
0.09999999999999998
0.0
0.0
-0.09375
0.0
0.5
0.0
0.0
-0.125
0.125
0.06818181818181818
0.55
0.0
0.13636363636363635
0.04545454545454545
0.0
0.0
-0.03935185185185186
0.012121212121212116
0.0
-0.08333333333333333
0.2
0.275
0.4666666666666666
0.0
0.25
0.25
0.0
0.5
-0.13541666666666666
0.75
0.4
0.225
0.6549479166666666
-0.16666666666666666
0.38125
-0.3125
-0.15555555555555559
0.0
0.06818181818181818
0.4
0.5
0.2625
0.0
-0.2
0.0
0.21666666666666667
0.0
0.0
0.053125
0.05
-0.013888888888888895
0.5
1.0
0.4
0.4875
0.25
0.0
0.10972222222222221
0.5
0.0
-0.4
-0.29296875
0.375
-0.15833333333333333
0.25555555555555554
0.0
0.05000000000000002
0.0
0.0
-0.15
0.0
0.890625
0.2
-0.032916666666666664
0.0
-0.4
0.5
0.22000000000000003
0.0
0.35
0.75
0.0
0.6
0.0
0.25
0.0
0.7
0.625
-0.25
0.0
0.2
0.0
0.4
-0.125
-0.15
0.2
0.0
0.0
0.3121212121212121
0.13333333333333333
1.0
0.0
0.0
-0.421875
0.0
0.0
0.0
0.3499999999999999
0.0
0.39
0.25
0.0
0.4
0.4
0.0
0.175
0.4928571428571428
0.0
0.7
0.34375
0.0
0.4
0.3
0.0
-0.75
0.0
0.15
0.0
-0.15555555555555559
0.0
0.4
0.26633522727272724
0.2333333333333333
-0.2
0.0
0.5
0.5921875
0.0
0.13636363636363635
0.0
0.8
-0.4
0.2857142857142857
0.26515151515151514
0.375
0.625
0.0
-0.4
0.016666666666666663
-0.125
0.2
1.850371707708594e-17
0.625
0.325
0.19652777777777777
-0.2
0.26666666666666666
0.5
0.5
1.0
0.0
0.0
-0.1
0.0
-0.2
-0.4
0.6125
0.0
0.0
0.875
0.13333333333333333
-0.3038194444444445
-0.6
0.0
-0.5
-0.040740740740740744
-0.75
0.0
-0.19999999999999998
0.25
-0.06666666666666667
0.1
0.5
0.11249999999999999
0.44999999999999996
-0.4
0.0
-0.07777777777777779
0.0
0.2595703125
0.0
0.16666666666666666
0.3033333333333334
0.0
0.025
0.09166666666666667
-0.4
0.3333333333333333
-0.5
0.2
-0.30000000000000004
0.7
-0.13333333333333333
0.36818181818181817
0.5392045454545454
0.0
0.4625
0.0
0.0
-0.5
0.0
0.2814814814814815
0.0
0.0
0.0
0.5
0.25
0.25
0.4333333333333333
-0.075
0.125
-0.5
0.0
0.4375
0.625
0.625
0.26515151515151514
1.0
0.8
-0.625
0.225
0.5
0.41041666666666665
-0.05833333333333333
-0.45
0.0
0.375
0.13636363636363635
0.475
0.625
0.0
0.6
0.0
0.4
0.32500000000000007
0.5
0.15
0.0
0.8
0.41761363636363635
0.0
0.625
0.0
0.09999999999999999
0.22727272727272727
