0.855774998664856
0.9767657518386841
0.9247263669967651
0.22449111938476562
0.062421441078186035
0.9709727764129639
0.0013259947299957275
0.5
0.031522274017333984
0.9868590831756592
0.0015970170497894287
0.756040096282959
0.23946237564086914
0.02202281355857849
0.9988864660263062
0.998113751411438
0.9616514444351196
0.5
0.7801039218902588
0.017419040203094482
0.9960674047470093
0.038621872663497925
0.9999714493751526
0.5
0.9999167323112488
0.9922983646392822
0.5
0.009816586971282959
0.9586066007614136
0.00785607099533081
0.5
0.2713356912136078
0.5
0.00029009580612182617
0.0024521946907043457
0.9162738919258118
0.9334942698478699
0.9720518589019775
0.9999345541000366
0.973930835723877
0.7798444032669067
0.016887933015823364
0.9888585805892944
0.9998298287391663
0.8552406430244446
0.9998352527618408
0.9968963861465454
0.5
0.013315021991729736
0.5
0.8897757530212402
0.9970681667327881
0.9999019503593445
0.5
0.15357622504234314
0.7877789735794067
0.9642015695571899
0.9999275207519531
0.873412013053894
0.00367775559425354
0.999997615814209
0.9889512062072754
0.9506373405456543
0.19149667024612427
0.5
0.5
0.8501842617988586
0.04771435260772705
0.00045618414878845215
0.7956043481826782
0.24553462862968445
0.5
0.00023299455642700195
0.011038780212402344
0.9991776943206787
0.9685901999473572
0.004000484943389893
0.5
0.008122265338897705
0.9762444496154785
0.11447995901107788
9.289383888244629e-05
0.8064264059066772
0.7923386693000793
0.7925572991371155
0.9998040199279785
0.7626283168792725
0.5
0.997539222240448
0.9964420795440674
0.24962463974952698
0.9952226877212524
0.9977313280105591
0.7674396634101868
0.999896764755249
0.07711052894592285
0.02532365918159485
0.996655285358429
0.03064247965812683
0.9994421005249023
0.9989049434661865
0.9978880882263184
0.9995208978652954
0.5
0.8581802845001221
0.9996430277824402
0.5
0.0021603405475616455
0.7108666300773621
0.746311366558075
0.9219624996185303
0.5
0.7570722103118896
0.02939528226852417
0.00251045823097229
0.8204506635665894
0.9995417594909668
0.19154208898544312
0.9973564147949219
0.5
0.982056736946106
0.14956441521644592
0.9987179636955261
0.9818109273910522
0.8287405371665955
0.8638559579849243
0.2539820075035095
0.02173250913619995
0.9016796946525574
0.9728911519050598
0.5
0.5
0.7255157828330994
0.031053215265274048
0.11485767364501953
0.9779402613639832
0.12036249041557312
0.973930835723877
0.008591622114181519
0.86284339427948
0.9842690229415894
0.025277644395828247
0.9999980926513672
0.8436731100082397
0.9951443672180176
0.9493733048439026
0.21164333820343018
0.7959606647491455
0.2481398582458496
0.667202889919281
0.7363520860671997
0.920954704284668
0.0014386773109436035
0.20623093843460083
0.0804738700389862
0.986577570438385
0.013934075832366943
0.00101432204246521
0.005854219198226929
0.9839569926261902
0.8653664588928223
0.9972646236419678
0.9407192468643188
0.9999790191650391
0.038636088371276855
0.15733283758163452
0.22256487607955933
0.24443861842155457
0.010690569877624512
0.005905091762542725
0.0022506117820739746
0.00035455822944641113
0.5
0.0030607879161834717
0.015247225761413574
0.18123024702072144
0.9884787797927856
0.012513011693954468
0.00433725118637085
0.9916911125183105
0.9794539213180542
0.9301531314849854
0.973930835723877
0.9322648048400879
0.016982585191726685
0.04398280382156372
0.9976133108139038
0.9461575746536255
0.5
0.006888985633850098
0.9999947547912598
0.6956876516342163
0.5
0.8798787593841553
0.5
0.04804307222366333
0.017306774854660034
0.025635063648223877
0.9848392605781555
0.00023299455642700195
0.8939152956008911
0.9993628263473511
0.007550656795501709
0.9036922454833984
0.9908049702644348
0.9396520853042603
0.9901350736618042
0.022773802280426025
0.9301737546920776
0.8106520771980286
0.02155900001525879
0.5
0.009257405996322632
0.04983466863632202
0.9995431900024414
0.21203330159187317
0.999447226524353
0.2840833067893982
0.5
0.8426429033279419
0.5
0.7735429406166077
0.5
0.9999841451644897
0.012375026941299438
0.82436203956604
0.5
0.5
0.5
0.7435909509658813
0.1366015076637268
0.997873842716217
0.5
0.0928487777709961
0.9443061351776123
0.9999972581863403
0.010789871215820312
0.7838850021362305
0.9829024076461792
0.008333027362823486
0.915585994720459
0.055400460958480835
0.043988317251205444
0.9996922016143799
0.009436577558517456
0.0867266058921814
0.0008957087993621826
0.5
0.9416353702545166
0.7967976331710815
0.04114404320716858
0.9998400211334229
0.999835729598999
0.5
0.5
0.09914010763168335
0.5
0.9986381530761719
0.902796745300293
0.04771435260772705
0.007719248533248901
0.8546375036239624
0.8299391865730286
0.9953896999359131
0.9953700304031372
0.7411779165267944
0.5
0.981358528137207
0.973930835723877
0.0006074905395507812
0.0027643144130706787
0.8532034158706665
0.022464394569396973
0.767684817314148
0.9977414608001709
0.06843844056129456
0.21829962730407715
0.9930766820907593
0.9233843088150024
0.9404847621917725
0.9932821989059448
0.9998542070388794
0.03136292099952698
0.0157698392868042
0.009580552577972412
0.9999754428863525
0.9828826189041138
0.9999443292617798
0.9212362766265869
0.04771435260772705
0.9924756288528442
0.9593085050582886
0.9985136985778809
0.987152099609375
0.03896108269691467
0.9996403455734253
0.7968488931655884
0.0022506117820739746
0.025466442108154297
0.5
0.060776740312576294
0.9684554934501648
0.5
0.9974899291992188
0.7870437502861023
0.9681026935577393
0.9812455773353577
0.9988870620727539
0.9899659156799316
0.0031651854515075684
0.9364442825317383
0.5
0.1399843692779541
0.5
0.7826521992683411
0.7439342737197876
0.9566707015037537
0.8526174426078796
0.042797356843948364
0.9921538829803467
0.902796745300293
0.9890071153640747
0.8148345947265625
0.7771852016448975
0.06482896208763123
0.5
0.24139857292175293
0.21929481625556946
0.9333162903785706
0.9472405910491943
0.9994414448738098
0.0780600905418396
0.0578838586807251
0.7439663410186768
0.9967489242553711
0.784435510635376
0.9188482761383057
0.9993324875831604
0.1038120687007904
0.991318941116333
0.9240224361419678
0.08249542117118835
0.18259301781654358
0.014140009880065918
0.02834707498550415
0.8301478624343872
0.5
0.723403811454773
0.5
0.8166969418525696
0.047825127840042114
0.003555893898010254
0.034546464681625366
0.5
0.002937823534011841
0.5
0.9389665126800537
0.5
0.14210376143455505
0.8146675229072571
0.049843668937683105
0.9826325178146362
0.8322373628616333
0.9886631965637207
0.00469091534614563
0.12694084644317627
0.5
0.9765020608901978
0.21030288934707642
0.15034890174865723
0.8129255771636963
0.5
0.06612202525138855
0.8951572179794312
0.9484220743179321
0.1718350052833557
0.7875277996063232
0.02380669116973877
0.938424825668335
0.019274532794952393
0.22598305344581604
0.9975929260253906
0.020113438367843628
0.9966803789138794
0.17633533477783203
0.9374778270721436
0.007227182388305664
0.2341575026512146
0.9982695579528809
0.7588372230529785
0.5
0.9548940062522888
0.19254127144813538
0.8982732892036438
0.9780664443969727
0.32314929366111755
0.7484596371650696
0.9968265295028687
0.12374356389045715
0.18313506245613098
0.9811059236526489
0.9999164938926697
0.9060512781143188
0.5
0.7458841800689697
0.9999853372573853
0.5
0.02069544792175293
0.7821057438850403
0.8722653985023499
0.1287918984889984
0.7419990301132202
0.9988421201705933
0.8145240545272827
0.8607590198516846
0.8756404519081116
0.16467085480690002
0.05228966474533081
0.9589482545852661
0.8753302693367004
0.06685888767242432
0.8920843601226807
0.1371411681175232
0.7717296481132507
0.9173284769058228
0.9771013259887695
0.1673012673854828
0.030868977308273315
0.5
0.5
0.05951058864593506
0.014793962240219116
0.98906409740448
0.9999801516532898
0.8412463665008545
0.8288763165473938
0.24967601895332336
0.9985069036483765
0.7657901048660278
0.994696855545044
0.10001206398010254
0.9282192587852478
0.7796515226364136
0.992377519607544
0.9903379678726196
0.7526739239692688
0.8399170637130737
0.7789868116378784
0.9813528656959534
0.5
0.5
0.27612966299057007
0.8470880389213562
0.18246090412139893
0.9355173110961914
0.7233775854110718
0.9990932941436768
0.8807430267333984
0.00884196162223816
0.8306061029434204
0.8727574348449707
0.8206475973129272
0.08753335475921631
0.7918175458908081
0.03904634714126587
0.9963115453720093
0.9308856725692749
0.3121890425682068
0.03794559836387634
0.059336066246032715
0.006326466798782349
0.042470335960388184
0.83366858959198
0.1281452775001526
0.7869157791137695
0.2974346876144409
0.8119811415672302
0.9993088245391846
0.9868773221969604
0.2839275598526001
0.8902963399887085
0.8194883465766907
0.7552184462547302
0.006039977073669434
0.24778145551681519
0.05505266785621643
0.5
0.9503126740455627
0.7707629799842834
0.9997669458389282
0.9573532342910767
9.745359420776367e-05
0.5
0.009441614151000977
0.7679380774497986
0.013720333576202393
0.172296404838562
0.2124599814414978
0.2949318289756775
0.9969520568847656
0.5
0.9936627149581909
0.5
0.9879979491233826
0.9289344549179077
0.5
0.8940998315811157
0.998162031173706
0.19822317361831665
0.7596362829208374
0.1386955976486206
0.9985083937644958
0.029326707124710083
0.14984259009361267
0.5
0.5
0.04414492845535278
0.005227267742156982
0.992309033870697
0.5
0.9714664220809937
0.8608356714248657
0.5
0.03304794430732727
0.9608169198036194
0.5
0.7391726970672607
0.12555894255638123
0.5
0.5
0.00784909725189209
0.9935540556907654
0.5
0.004685312509536743
0.7584648132324219
0.9711854457855225
0.9324107766151428
0.0010665357112884521
0.7618861794471741
0.0701691210269928
0.8957498669624329
0.9951213598251343
0.03536546230316162
0.9073474407196045
0.9558818936347961
0.9916789531707764
0.7660388946533203
0.8523514270782471
0.05268511176109314
0.5
0.9193375706672668
0.07693609595298767
0.23116493225097656
0.5
0.812781572341919
0.7487771511077881
0.13526925444602966
0.8488656282424927
0.9999890327453613
0.5
0.8863241672515869
0.9974236488342285
0.7442569732666016
0.5
0.973930835723877
0.09955960512161255
0.11890432238578796
0.7920028567314148
0.16809746623039246
0.9941047430038452
0.8107873201370239
0.9821977615356445
0.7951233386993408
0.07517147064208984
0.9016541242599487
0.9001426696777344
0.7651941776275635
0.9873188138008118
0.7898987531661987
0.16402360796928406
0.026065051555633545
0.9310586452484131
0.21713057160377502
0.862169086933136
0.054035335779190063
0.6843144297599792
0.313831090927124
0.9999051094055176
0.012817919254302979
0.9966359734535217
0.5
0.0320456326007843
0.1277402639389038
0.16690391302108765
0.06609886884689331
0.9028635025024414
0.07753375172615051
0.2656320333480835
0.5
0.2773646116256714
0.967738151550293
0.9999340772628784
0.9494213461875916
0.8033881187438965
0.7983478903770447
0.5
0.030764073133468628
0.07819482684135437
0.24740055203437805
0.7086337208747864
0.840372622013092
0.14766466617584229
0.5
0.768046498298645
0.8642830848693848
0.006598442792892456
0.7635492086410522
0.9323755502700806
0.9407831430435181
0.9709211587905884
0.1880163848400116
0.1065421998500824
0.9542598724365234
0.815998911857605
0.8995533585548401
0.8478437662124634
0.8494306802749634
0.09812149405479431
0.8677027225494385
0.8365956544876099
0.991858959197998
0.8685185313224792
0.9957624077796936
0.04014018177986145
1.0
0.10390534996986389
0.9937534332275391
0.8298152685165405
0.759343147277832
0.79642254114151
0.8872938752174377
0.010698169469833374
0.5
0.07992279529571533
0.86034095287323
0.9695463180541992
0.04771435260772705
0.957763135433197
0.9978244304656982
0.8799228072166443
0.9949533939361572
0.999953031539917
0.9144843816757202
0.043269068002700806
0.5
0.21602123975753784
0.985763669013977
0.7373834848403931
0.14573875069618225
0.8140933513641357
0.8133726119995117
0.1389344036579132
0.8878884315490723
0.168949693441391
0.029884904623031616
0.9759196043014526
0.7409207224845886
0.9846467971801758
0.9970703721046448
0.23833492398262024
0.8250333070755005
0.9851921200752258
0.9223653078079224
0.07746896147727966
0.6973049640655518
0.96823650598526
0.8723551034927368
0.8143573999404907
0.5
0.9601330757141113
0.8769105672836304
0.9224846959114075
0.9338599443435669
0.19401535391807556
0.9086545705795288
0.7526739239692688
0.8547720909118652
0.8934141397476196
0.5
0.7691101431846619
0.018341004848480225
0.8247841000556946
0.985170304775238
0.15612822771072388
0.8522542715072632
0.9997686147689819
0.9556944370269775
0.8317220211029053
0.9445847868919373
0.9903663396835327
0.9759122133255005
0.9998735189437866
0.13129863142967224
0.8573936223983765
0.8892487287521362
0.5
0.9307314157485962
0.7469288110733032
0.10983198881149292
0.9551625847816467
0.5
0.12080982327461243
0.007126808166503906
0.8770832419395447
0.05570441484451294
0.3225123882293701
0.5
0.037077873945236206
0.20018041133880615
0.011046737432479858
0.01246178150177002
0.8144906759262085
0.8479312658309937
0.20356863737106323
0.09478890895843506
0.0009984970092773438
0.9873485565185547
0.7832008600234985
0.8714156150817871
0.96006840467453
0.9367197751998901
0.9980587959289551
0.011690527200698853
0.04140603542327881
0.00016826391220092773
0.9300138354301453
0.08939728140830994
0.7544578313827515
0.9964851140975952
0.033314645290374756
0.8805029392242432
0.2075129747390747
0.09097614884376526
0.009298920631408691
0.010563045740127563
0.7747887969017029
0.9988381862640381
0.8723001480102539
0.9919322729110718
0.991290271282196
0.7848948836326599
0.10100200772285461
9.09268856048584e-05
0.8004788160324097
0.9872262477874756
0.8101149797439575
0.10741406679153442
0.12070581316947937
0.7554489374160767
0.053918302059173584
0.7591946125030518
0.9981526136398315
0.04791194200515747
0.7413187623023987
0.9685522317886353
0.5
0.21562793850898743
0.07149314880371094
0.7616081237792969
0.1950073540210724
0.06921312212944031
0.9221457242965698
0.08334547281265259
0.7707749605178833
0.0027045905590057373
0.8541086912155151
0.16298457980155945
0.9985781908035278
0.9991636276245117
0.8871042728424072
0.5
0.965016782283783
0.8239851593971252
0.13104248046875
0.7592841386795044
0.17343288660049438
0.9349385499954224
0.18830975890159607
0.2412494421005249
0.7833138704299927
0.9977422952651978
0.016613274812698364
0.07907593250274658
0.973930835723877
0.0831054151058197
0.9583021402359009
0.7557519674301147
0.9159752726554871
0.8304485082626343
0.5
0.9439345598220825
0.13487091660499573
0.15182310342788696
0.9940751791000366
0.9072423577308655
0.7521927952766418
0.7721467018127441
0.9726711511611938
0.999000608921051
0.7883704900741577
0.006019383668899536
0.09797036647796631
0.029707342386245728
0.11500290036201477
0.7487581372261047
0.820687472820282
0.28815221786499023
0.9869944453239441
0.973930835723877
0.07686489820480347
0.000762939453125
0.9822046756744385
0.2899627685546875
0.9921821355819702
0.8485382795333862
0.8367867469787598
0.0012367963790893555
0.8532217741012573
0.007696747779846191
0.023159027099609375
0.8809651136398315
0.9532997012138367
0.9455240368843079
0.8929188251495361
0.9856307506561279
0.9610503911972046
0.5
0.7530094981193542
0.9069399833679199
0.5
0.9826536178588867
0.5
0.9879556894302368
0.9998984336853027
0.997582197189331
0.03553399443626404
0.9232972860336304
0.7584228515625
0.9888069033622742
0.9665992259979248
0.7548489570617676
0.9659580588340759
0.05856823921203613
0.7526739239692688
0.959128737449646
0.26065027713775635
0.05460044741630554
0.9126596450805664
0.9541716575622559
0.02866750955581665
0.0024517476558685303
0.7805752754211426
0.5
0.13112643361091614
0.9791378974914551
0.8482863903045654
0.9628008604049683
0.9837222099304199
0.9627914428710938
0.8300492763519287
0.12476947903633118
0.9953732490539551
0.049018412828445435
0.029398322105407715
0.0088634192943573
0.9977414608001709
0.9987746477127075
0.5
0.9856681823730469
0.9904853105545044
0.9330843687057495
0.7746423482894897
0.9881055951118469
0.5
0.859032392501831
0.11901965737342834
0.2425743043422699
0.24493160843849182
0.9734813570976257
0.06597667932510376
0.948316216468811
0.10732215642929077
0.5
0.06666263937950134
0.5
0.02826252579689026
0.9105962514877319
0.7467334270477295
0.8301397562026978
0.779899537563324
0.9877105951309204
0.9889722466468811
0.9959151744842529
0.8437698483467102
0.8863177299499512
0.9791834950447083
0.24975979328155518
0.9560041427612305
0.8698148131370544
0.9923319220542908
0.9398528933525085
0.9761936664581299
0.9794703722000122
0.7935482263565063
0.9712077379226685
0.9996318817138672
0.8236942887306213
0.9998986721038818
0.9086909294128418
0.9840759038925171
0.0022991597652435303
0.016604721546173096
0.9399572014808655
0.04163992404937744
0.07419174909591675
0.9870870113372803
0.9625145792961121
0.9999874830245972
0.9996837377548218
0.052992284297943115
0.9997967481613159
0.2279924750328064
0.9730725288391113
0.995219349861145
0.9882586002349854
0.9295216798782349
0.9573057889938354
0.22418317198753357
0.8550792932510376
0.2129136621952057
0.087503582239151
0.5
0.23261871933937073
0.7640410661697388
0.14801403880119324
0.04771435260772705
0.07375046610832214
0.5
0.7911122441291809
0.8625143766403198
0.6995720863342285
0.15712273120880127
0.8708878755569458
0.20458808541297913
0.8498352766036987
0.9539093971252441
0.847835898399353
0.5
0.9127222895622253
0.9958821535110474
0.9953728318214417
0.8465254902839661
0.9726940989494324
0.8389082551002502
0.9573949575424194
0.8656598925590515
0.9680968523025513
0.9758518934249878
0.9407151937484741
0.9998859167098999
0.1974106729030609
0.24676555395126343
0.07628798484802246
0.8760806918144226
0.5
0.13602852821350098
0.8859715461730957
0.5
0.9415432214736938
0.5
0.937346875667572
0.9640953540802002
0.8724146485328674
0.8999036550521851
0.9709609150886536
0.999671459197998
0.5
0.9985591173171997
0.7910875082015991
0.8206053972244263
0.9985290169715881
0.7402250170707703
0.8536515235900879
0.9618813991546631
0.8289077281951904
0.9535878896713257
0.23702645301818848
0.8129732608795166
0.9851046800613403
0.9520841836929321
0.2174743115901947
0.014367461204528809
0.9865940809249878
0.9238628149032593
0.904186487197876
0.04613387584686279
0.025736063718795776
0.7330614328384399
0.7257363200187683
0.863196849822998
0.9854284524917603
0.9058920741081238
0.06275436282157898
0.8550248742103577
0.8513922691345215
0.8740843534469604
0.9984709024429321
0.9823967814445496
0.17940250039100647
0.8676273822784424
0.08301252126693726
0.008785843849182129
0.5
0.018521755933761597
0.010910958051681519
0.9807982444763184
0.9911901950836182
0.0934109091758728
0.2929917275905609
0.9975923895835876
0.8112584352493286
0.8703938722610474
0.9639037251472473
0.7850584387779236
0.8913712501525879
0.2968745231628418
0.8206692934036255
0.06843701004981995
0.7577595710754395
0.9710019826889038
0.2571309506893158
0.998016357421875
0.8940970301628113
0.04861569404602051
0.1009928286075592
0.9771170616149902
0.8070871829986572
0.7827049493789673
0.9851816892623901
0.8400737047195435
0.911023736000061
0.5
0.15782520174980164
0.9837160110473633
0.8202747702598572
0.0647779107093811
0.023814231157302856
0.9842944145202637
0.9868426322937012
0.5
0.12145113945007324
0.9992742538452148
0.993754506111145
0.9824925661087036
0.9873324036598206
0.8150174617767334
0.15874966979026794
0.8847408294677734
0.23085802793502808
0.9788496494293213
0.9352272748947144
0.9720416069030762
0.8814326524734497
0.998489260673523
0.19102796912193298
0.5
0.5
0.801202654838562
0.9365100264549255
0.9899146556854248
0.834404468536377
0.9454420208930969
0.9878974556922913
0.8498464822769165
0.9905583262443542
0.8387214541435242
0.9257755279541016
0.04568037390708923
0.5
0.7751442193984985
0.5
0.9249762296676636
0.002629220485687256
0.8832592964172363
0.9947173595428467
0.8017736673355103
0.9847509264945984
0.9210876822471619
0.971102774143219
0.9635592699050903
0.5
0.9368188977241516
0.21533933281898499
0.9566776752471924
0.999998152256012
0.733504056930542
0.9948738813400269
0.8789262771606445
0.15555742383003235
0.939111053943634
0.23136740922927856
0.5
0.9989395141601562
0.022394180297851562
0.870256781578064
0.18719792366027832
0.9997334480285645
0.8275915384292603
0.883843183517456
0.2569666802883148
0.25037646293640137
0.1593475043773651
0.01786142587661743
0.033903807401657104
0.04296430945396423
0.8497127294540405
0.8054373264312744
0.916425883769989
0.9981793761253357
0.850849986076355
0.9962207078933716
0.8830732107162476
0.7524933815002441
0.23939889669418335
0.17080706357955933
0.7526739239692688
0.28813430666923523
0.7504905462265015
0.5
0.7876089811325073
0.9665589332580566
0.21795904636383057
0.8359601497650146
0.9512293338775635
0.012508898973464966
0.9965447187423706
0.9986931085586548
0.9778770208358765
0.9992324113845825
0.9663571119308472
0.7883197069168091
0.9961817264556885
0.838898777961731
0.032768845558166504
0.8826218843460083
0.24886569380760193
0.8318077921867371
0.976375937461853
0.7132334113121033
0.9999828338623047
0.9886329174041748
0.09099480509757996
0.9988032579421997
0.24791917204856873
0.9815108776092529
0.9944076538085938
0.9129992127418518
0.999873161315918
0.9997059106826782
0.5
0.9938545227050781
0.9811023473739624
0.06999188661575317
0.9939932823181152
0.15788549184799194
0.013690531253814697
0.9996328353881836
0.7180215716362
0.9626237154006958
0.9983870983123779
0.9482322931289673
0.9153093099594116
0.947387158870697
0.932276725769043
0.9042704701423645
0.9997276663780212
0.9786722660064697
0.8531457185745239
0.7976270914077759
0.8378968238830566
0.9017224311828613
0.9678735136985779
0.973930835723877
0.29906851053237915
0.00531381368637085
0.5
0.1540883183479309
0.5
0.8375966548919678
0.9836310148239136
0.9991750717163086
0.9387416839599609
0.8648194074630737
0.24669349193572998
0.7571594715118408
0.9991977214813232
0.14840060472488403
0.5
0.9919381141662598
0.5
0.24541160464286804
0.9163962602615356
0.5
0.24209117889404297
0.5
0.9106638431549072
0.5
0.5
0.9990880489349365
0.9144824743270874
0.9459428787231445
0.1252760887145996
0.2768639326095581
0.8643348217010498
0.21381878852844238
0.2322680950164795
0.9369506239891052
0.14399921894073486
0.8977972269058228
0.5
0.5
0.5
0.5
0.8452967405319214
0.8719278573989868
0.19941022992134094
0.25517284870147705
0.22780585289001465
0.09916585683822632
0.18476766347885132
0.7517967820167542
0.779284656047821
0.8970928192138672
0.12202134728431702
0.9008134603500366
0.9248586893081665
0.9191644787788391
0.8918595910072327
0.9999450445175171
0.01818498969078064
0.9904686212539673
0.96048903465271
0.9999464750289917
0.9018876552581787
0.04771435260772705
0.5
0.9821158647537231
0.8851288557052612
0.8538296222686768
0.004588574171066284
0.5
0.9325106143951416
0.9481448531150818
0.9581315517425537
0.5
0.7636370658874512
0.5
0.9874070286750793
0.3012430667877197
0.9939049482345581
0.8171200752258301
0.5
0.018701016902923584
0.9996788501739502
0.17205938696861267
0.9443109035491943
0.9093652367591858
0.5
0.9860701560974121
0.129691481590271
0.9625346660614014
0.9999027252197266
0.5
0.5
0.5
0.5
0.31351494789123535
0.5
0.5
0.1925627589225769
0.8566653728485107
0.01616567373275757
0.18643984198570251
0.9403076171875
0.8921116590499878
0.973930835723877
0.2142844796180725
0.9149008393287659
0.976455569267273
0.10030761361122131
0.9512966871261597
0.9334186315536499
0.9967070817947388
0.989126443862915
0.890216588973999
0.5
0.04882311820983887
0.18371957540512085
0.18078452348709106
0.9889439344406128
0.9260374307632446
0.5
0.7536170482635498
0.7449125647544861
0.9999868869781494
0.838668942451477
0.9981966018676758
0.806624174118042
0.13023757934570312
0.9989422559738159
0.9948900938034058
0.0591161847114563
0.20965346693992615
0.9563406705856323
0.9964053630828857
0.9231253862380981
0.9996919631958008
0.004333615303039551
0.19248968362808228
0.9260486364364624
0.5
0.9846526384353638
0.9997478723526001
0.15159684419631958
0.1678556203842163
0.04152211546897888
0.7740082740783691
0.7694270014762878
0.9210257530212402
0.7950104475021362
0.9256802797317505
0.999933123588562
0.5
0.5
0.9463155269622803
0.9308080077171326
0.21431252360343933
0.9746861457824707
0.982001543045044
0.9237577319145203
0.909307599067688
0.9954456090927124
0.8017127513885498
0.8823591470718384
0.9239429831504822
0.7196186184883118
0.22383829951286316
0.04302850365638733
0.7911648750305176
0.11099591851234436
0.9449708461761475
0.9686942100524902
0.9865109920501709
0.020294010639190674
0.8029793500900269
0.5
0.021551847457885742
0.9608960151672363
0.6908404231071472
0.23625367879867554
0.022990763187408447
0.029594004154205322
0.21329990029335022
0.029557138681411743
0.9835580587387085
0.2702372670173645
0.8287856578826904
0.905975878238678
0.9315491318702698
0.9172771573066711
0.8339892625808716
0.9370080232620239
0.9870700836181641
0.8058143854141235
0.06953001022338867
0.9188504219055176
0.7577822208404541
0.9920002222061157
0.9962990283966064
0.9587390422821045
0.5
0.717517077922821
0.26568472385406494
0.16980209946632385
0.0642608106136322
0.8399834632873535
0.7686890363693237
0.8218804597854614
0.5
0.5
0.9235628843307495
0.8814586400985718
0.05056467652320862
0.9831923246383667
0.020287156105041504
0.7459747791290283
0.5
0.5
0.5
0.007583945989608765
0.9262328147888184
0.0009721219539642334
0.8410210609436035
0.8252410292625427
0.026783734560012817
0.871183454990387
0.8724560737609863
0.15387356281280518
0.2105913758277893
0.5
0.8692126274108887
0.5
0.7667149305343628
0.999427080154419
0.9994421005249023
0.999427080154419
0.999427080154419
0.999427080154419
0.999427080154419
0.9989049434661865
0.9989049434661865
0.9989049434661865
0.9989049434661865
0.9989049434661865
0.0015970170497894287
0.0015970170497894287
0.0015970170497894287
0.0015970170497894287
0.0015970170497894287
0.0015970170497894287
0.04854828119277954
0.02939528226852417
0.04854828119277954
0.04854828119277954
0.04854828119277954
0.9973564147949219
0.9973564147949219
0.9973564147949219
0.9973564147949219
0.9973564147949219
0.9986978769302368
0.9818109273910522
0.9818109273910522
0.9818109273910522
0.9818109273910522
0.9818109273910522
0.9779402613639832
0.9779402613639832
0.9779402613639832
0.9779402613639832
0.9779402613639832
0.8936117887496948
0.9988864660263062
0.9988864660263062
0.9988864660263062
0.9988864660263062
0.9988864660263062
0.9988864660263062
0.010690569877624512
0.010690569877624512
0.010690569877624512
0.010690569877624512
0.010690569877624512
0.010584086179733276
0.015247225761413574
0.015247225761413574
0.015247225761413574
0.015247225761413574
0.015247225761413574
0.039654552936553955
0.9767657518386841
0.9767657518386841
0.9767657518386841
0.9767657518386841
0.9767657518386841
0.972905158996582
0.9041255712509155
0.9986927509307861
0.7115590572357178
0.8666260242462158
0.12404897809028625
0.08314797282218933
0.11669403314590454
0.9985721707344055
0.9591958522796631
0.9466198086738586
0.951723575592041
0.9453614950180054
0.9381316304206848
0.8639256954193115
0.5
0.5
0.08227398991584778
0.5
0.898090124130249
0.7922249436378479
0.9415227174758911
0.912266731262207
0.8647525310516357
0.8308354020118713
0.8426221609115601
0.8306212425231934
0.940692663192749
0.8069158792495728
0.044953763484954834
0.5
0.8177245855331421
0.2144007682800293
0.8988021612167358
0.24122443795204163
0.15633758902549744
0.2509257197380066
0.9826931953430176
0.07110098004341125
0.025904357433319092
0.8905113935470581
0.8912164568901062
0.12269183993339539
0.9995772838592529
0.9857014417648315
0.9678523540496826
0.9285656809806824
0.8674402832984924
0.5
0.9943827390670776
0.0873047411441803
0.8172323703765869
0.8354203104972839
0.9971586465835571
0.5
0.8809590935707092
0.21106544137001038
0.7804758548736572
0.980695903301239
0.9268450736999512
0.9568840265274048
0.8465524911880493
0.8435932397842407
0.9988609552383423
0.03708872199058533
0.9820565581321716
0.9265105128288269
0.7821164131164551
0.8877702951431274
0.9813199639320374
0.5
0.04606443643569946
0.9886620044708252
0.9777883887290955
0.998942494392395
0.9065796732902527
0.134909987449646
0.7719086408615112
0.9432588815689087
0.19368663430213928
0.9178137183189392
0.16681912541389465
0.9722772836685181
0.840827465057373
0.07308605313301086
0.981699526309967
0.9999853372573853
0.0024284422397613525
0.248356431722641
0.7943121790885925
0.9963943958282471
0.5
0.8566505312919617
0.9648000001907349
0.99759441614151
0.9984666109085083
0.9742106199264526
0.8580617904663086
0.9512209892272949
0.9229111671447754
0.9971211552619934
0.8785951137542725
0.25098955631256104
0.9999984502792358
0.24156537652015686
0.19305795431137085
0.9904590845108032
0.7810951471328735
0.010858237743377686
0.8212332725524902
0.8024088144302368
0.9937934875488281
0.7134567499160767
0.9665664434432983
0.9472090005874634
0.23888909816741943
0.842846155166626
0.9602739214897156
0.0006937384605407715
0.04220595955848694
0.2655912935733795
0.8027450442314148
0.8765249252319336
0.8293488025665283
0.9311076998710632
0.8348899483680725
0.23510783910751343
0.9129054546356201
0.5
0.029487669467926025
0.8098219633102417
0.8862972855567932
0.9990484714508057
0.9279478788375854
0.1952362358570099
0.8575336933135986
0.9775177240371704
0.07974115014076233
0.9942318797111511
0.9977422952651978
0.7998592257499695
0.13596343994140625
0.9558685421943665
0.9806280136108398
0.2474854588508606
0.1386784017086029
0.06418737769126892
0.9989861249923706
0.9627590179443359
0.9565752744674683
0.19605928659439087
0.9902336597442627
0.9483537673950195
0.5
0.7670834064483643
0.9185740947723389
0.8167749643325806
0.5
0.9907508492469788
0.9393963813781738
0.2016194462776184
0.5
0.5
0.7397646903991699
0.5
0.8925384283065796
0.5
0.9964995384216309
0.8053358793258667
0.9539141654968262
0.9237525463104248
0.8625411987304688
0.0902150571346283
0.020552873611450195
0.974441647529602
0.20916005969047546
0.24629676342010498
0.12580272555351257
0.9111086130142212
0.8261013031005859
0.002334803342819214
0.8182017207145691
0.2076488435268402
0.9371930360794067
0.14067161083221436
0.8338112235069275
0.9792801737785339
0.9978674650192261
0.020408928394317627
0.7689652442932129
0.935766339302063
0.9195618629455566
0.9165228605270386
0.9847789406776428
0.9996993541717529
0.183889240026474
0.7450557351112366
0.0228441059589386
0.9999338984489441
0.04033458232879639
0.9013491868972778
0.9942183494567871
0.15059295296669006
0.9295128583908081
0.8202041983604431
0.9787706136703491
0.7886379957199097
0.9988649487495422
0.8426032066345215
0.7777544856071472
0.7557047009468079
0.8009898662567139
0.14848226308822632
0.2536449432373047
0.7652313113212585
0.0005022883415222168
0.8159521222114563
0.10896694660186768
0.939275860786438
0.7487980127334595
0.19725897908210754
0.8643488883972168
0.949620246887207
0.9753652811050415
0.5
0.7929499745368958
0.8266068696975708
0.5
0.9995120763778687
0.127803236246109
0.9933886528015137
0.9903369545936584
0.017363399267196655
0.9266332983970642
0.7755890488624573
0.15058943629264832
0.1197848916053772
0.9673776626586914
0.9918643832206726
0.8765365481376648
0.8082380890846252
0.0721558928489685
0.22405210137367249
0.935670018196106
0.10921385884284973
0.19631680846214294
0.20885440707206726
0.09803059697151184
0.9571638107299805
0.5
0.9974597692489624
0.5
0.1496398150920868
0.16366198658943176
0.9307214021682739
0.9972057342529297
0.9315736293792725
0.8072466850280762
0.9185681343078613
0.7755216360092163
0.8593466281890869
0.9612118005752563
0.1473219394683838
0.9645776152610779
0.01893630623817444
0.1390775740146637
0.9395220279693604
0.9761796593666077
0.22931858897209167
0.7289069294929504
0.8874551057815552
0.009081751108169556
0.5
0.026964455842971802
0.00625726580619812
0.8753293752670288
0.1196662187576294
0.10252466797828674
0.9312301874160767
0.9187835454940796
0.8438006639480591
0.007636845111846924
0.17027395963668823
0.03024885058403015
0.9779927730560303
0.8899993896484375
0.7718795537948608
0.9628884792327881
0.039299339056015015
0.13659453392028809
0.9604625701904297
0.9543200135231018
0.8632321357727051
0.8360265493392944
0.017628341913223267
0.9619823098182678
0.09088462591171265
0.03113734722137451
0.5
0.9868963360786438
0.23223507404327393
0.025766432285308838
0.981407880783081
0.04087457060813904
0.9067305326461792
0.7728822231292725
0.9945217370986938
0.026180505752563477
0.9999674558639526
0.1172184944152832
0.8091458082199097
0.018529117107391357
0.9359983205795288
0.995248556137085
0.9919832944869995
0.995354413986206
0.9961211681365967
0.03671938180923462
0.998576283454895
0.03404322266578674
0.8956462144851685
0.9513089656829834
0.240889310836792
0.1446351706981659
0.8280273675918579
0.8221093416213989
0.8383493423461914
0.9459947347640991
0.8902032971382141
0.7812421917915344
0.5
0.9186327457427979
0.017419040203094482
0.08844777941703796
0.08844777941703796
0.08844777941703796
0.08844777941703796
0.007550656795501709
0.007550656795501709
0.007550656795501709
0.007550656795501709
0.007550656795501709
0.9988198280334473
0.9995431900024414
0.9988198280334473
0.9988198280334473
0.9988198280334473
0.8426429033279419
0.8426429033279419
0.8426429033279419
0.8426429033279419
0.8426429033279419
0.9829024076461792
0.9829024076461792
0.9829024076461792
0.9829024076461792
0.9829024076461792
0.968220591545105
0.055400460958480835
0.055400460958480835
0.055400460958480835
0.055400460958480835
0.055400460958480835
0.05804908275604248
0.9998400211334229
0.9998400211334229
0.9998400211334229
0.9998400211334229
0.9998400211334229
0.999835729598999
0.9987130165100098
0.9998493790626526
0.9996181726455688
0.9996181726455688
0.999835729598999
0.022464394569396973
0.020854860544204712
0.020854860544204712
0.020854860544204712
0.020854860544204712
0.022464394569396973
0.9999443292617798
0.9999443292617798
0.9999443292617798
0.9999443292617798
0.9999443292617798
0.0022506117820739746
0.0022506117820739746
0.0022506117820739746
0.0022506117820739746
0.0022506117820739746
0.903289794921875
0.8315450549125671
0.7496179938316345
0.5
0.9998005032539368
0.21177664399147034
0.8087593913078308
0.8960464000701904
0.9851144552230835
0.19660258293151855
0.8152846693992615
0.9791469573974609
0.9628551006317139
0.81325763463974
0.060313403606414795
0.7017142176628113
0.966221809387207
0.5
0.23061704635620117
0.5
0.9508404731750488
0.09112456440925598
0.8569822907447815
0.9939581751823425
0.23196405172348022
0.5
0.07903698086738586
0.013354122638702393
0.8914703726768494
0.00938466191291809
0.9382460117340088
0.8015905618667603
0.14246711134910583
0.9842866659164429
0.7183817625045776
0.07182437181472778
0.9795123338699341
0.8774330615997314
0.7384898066520691
0.7940273284912109
0.7973812222480774
0.8150465488433838
0.9688751697540283
0.01730707287788391
0.06603440642356873
0.7776415944099426
0.12354198098182678
0.9504387378692627
0.9979941844940186
0.1229739785194397
0.9146398305892944
0.8966837525367737
0.9730575084686279
0.9822999238967896
0.19220781326293945
0.07722452282905579
0.5
0.7914108037948608
0.24017134308815002
0.7954763174057007
0.9318985342979431
0.9213743209838867
0.8496291637420654
0.095417320728302
0.7526739239692688
0.875708818435669
0.7846659421920776
0.9782042503356934
0.9218693971633911
0.9976024627685547
0.5
0.9255729913711548
0.2871946096420288
0.998537540435791
0.15822133421897888
0.5
0.9978140592575073
0.9207483530044556
0.5
0.12554651498794556
0.955146312713623
0.9916564226150513
0.5
0.9743746519088745
0.906622052192688
0.9313742518424988
0.9655628204345703
0.5
0.8472610712051392
0.8943305611610413
0.8437047004699707
0.9334489107131958
0.9730514287948608
0.844413161277771
0.8460306525230408
0.9308115243911743
0.7245457172393799
0.9725655913352966
0.8934221863746643
0.8305484652519226
0.5
0.9821643829345703
0.2160174548625946
0.9952253103256226
0.5
0.9998382329940796
0.9393842220306396
0.5
0.21681055426597595
0.8773724436759949
0.5
0.9283033609390259
0.9772672653198242
0.13218504190444946
0.9233335256576538
0.06828305125236511
0.8453642129898071
0.9760363101959229
0.9972010850906372
0.8246554136276245
0.911005973815918
0.14670392870903015
0.9907087087631226
2.1189451217651367e-05
0.7993991374969482
0.940945029258728
0.9298118352890015
0.9498653411865234
0.8141166567802429
0.5
0.2131163477897644
0.5
0.9918186068534851
0.9240496754646301
0.9999833106994629
0.9999841451644897
0.8179242014884949
0.9450325965881348
0.22009390592575073
0.0935392677783966
0.8282626867294312
0.9347496032714844
0.910047173500061
0.9825929999351501
0.09438544511795044
0.857620358467102
0.9982603192329407
0.974498987197876
0.9699479341506958
0.9923718571662903
0.9859234094619751
0.9985694885253906
0.136050283908844
0.9395990371704102
0.9999693036079407
0.999798059463501
0.7703841924667358
0.9985575079917908
0.9999929070472717
0.9966793060302734
0.90376216173172
0.9836965799331665
0.7577311992645264
0.8195544481277466
0.19383969902992249
0.22305205464363098
0.9982423782348633
0.9015970230102539
0.8827584981918335
0.8696681261062622
0.9997081756591797
0.9981639385223389
0.9479808807373047
0.9178148508071899
0.2027227282524109
0.13024446368217468
0.038959383964538574
0.8538823127746582
0.8973081111907959
0.739151120185852
0.9882817268371582
0.9109542369842529
0.9385818243026733
0.8191363215446472
0.16213881969451904
0.06401044130325317
0.10408961772918701
0.03451982140541077
0.5
0.18160691857337952
0.06097733974456787
0.04517105221748352
0.7841889262199402
0.6936727166175842
0.03169870376586914
0.8083990812301636
0.5
0.9669643044471741
0.9967316389083862
0.985967218875885
0.9443435072898865
0.979171872138977
0.9658061265945435
0.8501560688018799
0.9907131195068359
0.2635807394981384
0.8624640703201294
0.9997477531433105
0.9906466007232666
0.9995938539505005
0.20272576808929443
0.8210524320602417
0.051540881395339966
0.879569411277771
0.20430323481559753
0.996269702911377
0.9989895820617676
0.5
0.9128454923629761
0.9989112615585327
0.0330965518951416
0.973930835723877
0.7552947998046875
0.9956446886062622
0.935736894607544
0.981719970703125
0.9184067249298096
0.9862053990364075
0.9906463623046875
0.9999414682388306
0.9769880175590515
0.04230818152427673
0.7970998883247375
0.2429986596107483
0.9999661445617676
0.9999853372573853
0.950307309627533
0.1690700352191925
0.9848811626434326
0.8217215538024902
0.7585535049438477
0.5
0.9295254945755005
0.5
0.17289257049560547
0.82828688621521
0.8866965770721436
0.930248498916626
0.5
0.5
0.9119166135787964
0.09806853532791138
0.040809810161590576
0.9854521155357361
0.5
0.005101710557937622
0.9127640724182129
0.9320341348648071
0.8473780751228333
0.8269582986831665
0.9016603827476501
0.9181928634643555
0.09522473812103271
0.992029070854187
0.9260367751121521
0.965099573135376
0.5
0.5
0.5
0.956081748008728
0.9949358105659485
0.85405033826828
0.8915822505950928
0.7674235701560974
0.19550010561943054
0.7226927280426025
0.5
0.9848671555519104
0.9311643242835999
0.08278957009315491
0.9945666790008545
0.9991635084152222
0.9192483425140381
0.5
0.789506196975708
0.8535162210464478
0.5
0.16421926021575928
0.05894443392753601
0.9954500794410706
0.9898691177368164
0.8939758539199829
0.17653551697731018
0.5
0.10092797875404358
0.09598928689956665
0.21367260813713074
0.06161034107208252
0.5
0.9636972546577454
0.7563744783401489
0.9619064927101135
0.708269476890564
0.20910358428955078
0.99229896068573
0.0010444819927215576
0.2112312912940979
0.001048356294631958
0.8621602654457092
0.5
0.9430442452430725
0.9541339874267578
0.5
0.9355313777923584
0.10651642084121704
0.9702508449554443
0.9228277802467346
0.0945991575717926
0.008511513471603394
0.9464766979217529
0.5
0.8428508043289185
0.5
0.7747360467910767
0.9865707159042358
0.5
0.8303886651992798
0.2761906385421753
0.9325481653213501
0.9943383932113647
0.8109143376350403
0.9713387489318848
0.8535081148147583
0.9456753134727478
0.9518251419067383
0.9506181478500366
0.991346001625061
0.7361023426055908
0.00785607099533081
0.00785607099533081
0.00785607099533081
0.00785607099533081
0.00785607099533081
0.00785607099533081
0.0024521946907043457
0.0024521946907043457
0.0024521946907043457
0.0024521946907043457
0.0024521946907043457
0.0024521946907043457
0.2140950858592987
0.8200016021728516
0.7632443904876709
0.8467785716056824
0.010750800371170044
0.23453521728515625
0.83562171459198
0.14749205112457275
0.9860180616378784
0.006680190563201904
0.9714514017105103
0.9703091979026794
0.867173969745636
0.29301390051841736
0.15322330594062805
0.9515716433525085
0.8962362408638
0.9588575959205627
0.028788059949874878
0.9719886779785156
0.9730808138847351
0.9460211992263794
0.9927438497543335
0.5
0.7908483147621155
0.9714097380638123
0.9761807918548584
0.9764785766601562
0.9135385751724243
0.13673657178878784
0.24018633365631104
0.5
0.9001704454421997
0.9085750579833984
0.22705018520355225
0.21427389979362488
0.9985060691833496
0.9960491061210632
0.02852991223335266
0.973930835723877
0.04580974578857422
0.9660011529922485
0.9971776604652405
0.9253145456314087
0.908804178237915
0.7199075222015381
0.9937317967414856
0.8204913139343262
0.9419453144073486
0.7776311635971069
0.9884065389633179
0.12501457333564758
0.5
0.8744006156921387
0.1168234646320343
0.04656296968460083
0.9827190637588501
0.2699931859970093
0.5
0.07638677954673767
0.7221684455871582
0.5
0.8882567882537842
0.8511273860931396
0.8968980312347412
0.9729257822036743
0.17967489361763
0.9999955892562866
0.5
0.22291919589042664
0.0932939350605011
0.2008512318134308
0.9999123811721802
0.04155007004737854
0.7797634601593018
0.9955771565437317
0.999571681022644
0.25337091088294983
0.926965057849884
0.9304711818695068
0.23302370309829712
0.9852205514907837
0.08870339393615723
0.20322436094284058
0.5
0.09050038456916809
0.8865681886672974
0.7761317491531372
0.5
0.9351595044136047
0.113955557346344
0.712861180305481
0.07604342699050903
0.9399808645248413
0.8351279497146606
0.8538459539413452
0.803665816783905
0.845992922782898
0.9791834354400635
0.9148852229118347
0.04945620894432068
0.9422831535339355
0.998623251914978
0.1419886350631714
0.11219185590744019
0.9999619126319885
0.7122377753257751
0.9943310022354126
0.5
0.1286628246307373
0.014626920223236084
0.9407503604888916
0.9881381392478943
0.15457665920257568
0.18377366662025452
0.05641159415245056
0.5
0.9557209014892578
0.9480596780776978
0.9755957722663879
0.9569189548492432
0.9877415895462036
0.057443320751190186
0.20755890011787415
0.9999269247055054
0.882228434085846
0.943562388420105
0.9737213253974915
0.7826566696166992
0.7920231819152832
0.8018571138381958
0.7992409467697144
0.7603473663330078
0.965374231338501
0.9949901103973389
0.9961724281311035
0.998982310295105
0.11138004064559937
0.051040083169937134
0.8924621343612671
0.8605556488037109
0.9503753185272217
0.9719326496124268
0.9857759475708008
0.04749703407287598
0.05713793635368347
0.8911872506141663
0.8815767765045166
0.3187461197376251
0.042290300130844116
0.1495727002620697
0.5
0.902559220790863
0.5
0.9647680521011353
0.11813870072364807
0.94077467918396
0.21451181173324585
0.9945074319839478
0.983896017074585
0.10876703262329102
0.24865958094596863
0.5
0.9608011245727539
0.9474586248397827
0.5
0.80830979347229
0.9794260263442993
0.8244085907936096
0.9343686699867249
0.8849445581436157
0.5
0.8661912679672241
0.881598711013794
0.8849445581436157
0.5
0.5
0.5
0.8366737961769104
0.9091538190841675
0.7369155883789062
0.5
0.11199432611465454
0.08422771096229553
0.8749562501907349
0.7809689044952393
0.14170777797698975
0.9827499985694885
0.6902815699577332
0.15250808000564575
0.1152431070804596
0.7145226001739502
0.941143274307251
0.9308207035064697
0.8536403179168701
0.973930835723877
0.27300578355789185
0.9927258491516113
0.8304340839385986
0.969484806060791
0.9944931268692017
0.9560263752937317
0.07761010527610779
0.8540664911270142
0.5
0.5
0.111142098903656
0.9358590841293335
0.973930835723877
0.9992714524269104
0.05890834331512451
0.9645558595657349
0.5
0.22582712769508362
0.9752234816551208
0.8596587181091309
0.10206595063209534
0.1362682580947876
0.002234816551208496
0.039732426404953
0.9031590223312378
0.9643751978874207
0.835717499256134
0.9076759815216064
0.9856115579605103
0.999420166015625
0.06178802251815796
0.15007635951042175
0.992043137550354
0.5
0.9917061924934387
0.8245497941970825
0.8144479393959045
0.9639551639556885
0.2369336485862732
0.946286141872406
0.048154354095458984
0.8991947174072266
0.9999585151672363
0.00539359450340271
0.8026190996170044
0.10520705580711365
0.2333582043647766
0.24348655343055725
0.5
0.777534008026123
0.17055869102478027
0.9496486783027649
0.5
0.5
0.7711365222930908
0.9548540115356445
0.885631799697876
0.9952248334884644
0.025840401649475098
0.9839638471603394
0.5
0.9851230978965759
0.09436529874801636
0.9175684452056885
0.8673151731491089
0.9971003532409668
0.14293017983436584
0.04291349649429321
0.8474176526069641
0.8463772535324097
0.5
0.9469261169433594
0.9710793495178223
0.002952873706817627
0.9352425336837769
0.040917932987213135
0.2419303059577942
0.9048880338668823
0.8758061528205872
0.8882924318313599
0.999213695526123
0.9911115169525146
0.8268817663192749
0.999934196472168
0.991603434085846
0.9999858140945435
0.1896640658378601
0.18568843603134155
0.9988369941711426
0.9912893176078796
0.14552685618400574
0.8819907903671265
0.76839280128479
0.15725082159042358
0.986953854560852
0.13610830903053284
0.97798752784729
0.9116681814193726
0.9736870527267456
0.9430006742477417
0.9967489242553711
0.5
0.9857850074768066
0.031443655490875244
0.8106705546379089
0.9754012823104858
0.9931397438049316
0.7630077600479126
0.9694232940673828
0.2533215582370758
0.8832471370697021
0.0706949234008789
0.9815177321434021
0.5
0.9208537936210632
0.12932604551315308
0.9799349308013916
0.9986859560012817
0.9805548191070557
0.9416420459747314
0.772722601890564
0.16672825813293457
0.09027329087257385
0.5
0.996132493019104
0.9999772310256958
0.9591265916824341
0.9771095514297485
0.9868695735931396
0.0756942629814148
0.9136173129081726
0.940008282661438
0.8542419672012329
0.965713620185852
0.03408777713775635
0.8343316912651062
0.975499153137207
0.3133411407470703
0.901288628578186
0.9930384755134583
0.983306884765625
0.9896224737167358
0.5
0.8146066665649414
0.23092719912528992
0.8658574819564819
0.998016357421875
0.9119665026664734
0.8294728994369507
0.9838826060295105
0.5
0.8735677003860474
0.8356262445449829
0.27836087346076965
0.5
0.8896702527999878
0.23444700241088867
0.9855886697769165
0.18177250027656555
0.7866660356521606
0.9993433952331543
0.9152966737747192
0.7572835683822632
0.7615547776222229
0.8125969171524048
0.5
0.973930835723877
0.947640061378479
0.951093316078186
0.7295756340026855
0.9478923082351685
0.08635216951370239
0.9962663650512695
0.022040188312530518
0.3082656264305115
0.8967742919921875
0.24906298518180847
0.8945820331573486
0.895876407623291
0.8024640679359436
0.9751341342926025
0.9477406740188599
0.9859961271286011
0.9948004484176636
0.9269987344741821
0.13502570986747742
0.5
0.5
0.9975597858428955
0.997900128364563
0.7594660520553589
0.5
0.9988511800765991
0.9900496006011963
0.8077901005744934
0.9977414608001709
0.9749102592468262
0.2265571653842926
0.9835378527641296
0.5
0.8917139768600464
0.22184348106384277
0.7726682424545288
0.9981353282928467
0.11852359771728516
0.9999024868011475
0.9881131649017334
0.9635986089706421
0.0861700177192688
0.9336161613464355
0.7632126808166504
0.017439037561416626
0.9409486055374146
0.8781839609146118
0.8350995779037476
0.9617971181869507
0.8438684940338135
0.7518231868743896
0.2558956742286682
0.9943668842315674
0.9953633546829224
0.8025486469268799
0.9299790859222412
0.7698531150817871
0.23521345853805542
0.8992824554443359
0.09741336107254028
0.008090317249298096
0.9999160766601562
0.02595183253288269
0.9999550580978394
0.19600918889045715
0.20699277520179749
0.0190466046333313
0.11373484134674072
0.5
0.0776967704296112
0.9999626278877258
0.022175461053848267
0.23316234350204468
0.7159197926521301
0.9998009204864502
0.9901595115661621
0.19287127256393433
0.832467257976532
0.9226033687591553
0.5
0.23485839366912842
0.9212464690208435
0.9312505722045898
0.9102107882499695
0.2274559736251831
0.9496643543243408
1.0
0.13478586077690125
0.9962158799171448
0.021145284175872803
0.999996542930603
0.8983782529830933
0.7821624279022217
0.19984257221221924
0.8063225746154785
0.9945820569992065
0.21663391590118408
0.17231976985931396
0.02679312229156494
0.1662130355834961
0.8861492872238159
0.7562395334243774
0.723700225353241
0.9988473653793335
0.21463841199874878
0.9927937388420105
0.7406257390975952
0.2437693178653717
0.7991257309913635
0.9832225441932678
0.97444748878479
0.9883651733398438
0.786381185054779
0.5
0.9887111783027649
0.13345518708229065
0.8683369755744934
0.18466606736183167
0.9144822359085083
0.8878666162490845
0.5
0.991180419921875
0.07020008563995361
0.9951058626174927
0.8746083974838257
0.18838414549827576
0.9973236918449402
0.9694771766662598
0.975886344909668
0.796772837638855
0.9138883948326111
0.8725956082344055
0.8002703189849854
0.5
0.9667500257492065
0.9717719554901123
0.8350669145584106
0.13446694612503052
0.998975396156311
0.9996562004089355
0.0005477964878082275
0.8698886632919312
0.9921338558197021
0.8957892656326294
0.8243210315704346
0.9124264717102051
0.9538490772247314
0.969926118850708
0.9750406742095947
0.9447054266929626
0.6894310116767883
0.9755104184150696
0.9476203322410583
0.827279806137085
0.943346381187439
0.8048830032348633
0.931213915348053
0.5
0.9108273983001709
0.9966107606887817
0.18540164828300476
0.5
0.9997814893722534
0.020715713500976562
0.9898589849472046
0.040745288133621216
0.9956669807434082
0.04771435260772705
0.7235381603240967
0.5
0.5
0.9747403860092163
0.9736108183860779
0.8271394371986389
0.7652415037155151
0.9133706092834473
0.1060866117477417
0.8178040981292725
0.06781771779060364
0.5
0.02288997173309326
0.9315522909164429
0.050495803356170654
0.9112399816513062
0.24696019291877747
0.5
0.12118607759475708
0.10227727890014648
0.22707903385162354
0.7526739239692688
0.12474927306175232
0.20997339487075806
0.808566689491272
0.7916891574859619
0.911416232585907
0.819186270236969
0.016903042793273926
0.9090319871902466
0.5
0.07131662964820862
0.8278453350067139
0.22370684146881104
0.9358066916465759
0.9994485378265381
0.7512778043746948
0.9717803597450256
0.9117063283920288
0.19544380903244019
0.7814379930496216
0.12780848145484924
0.9555877447128296
0.1783258020877838
0.24354657530784607
0.9988056421279907
0.022175461053848267
0.8155401945114136
0.9652338027954102
0.18342375755310059
0.5
0.9161895513534546
0.5
0.8094754219055176
0.21939638257026672
0.7698984742164612
0.9371213316917419
0.7240929007530212
0.9236140251159668
0.8446601629257202
0.9946184158325195
0.08790233731269836
0.9997003078460693
0.007144033908843994
0.9997851252555847
0.998073399066925
0.9781096577644348
0.2421831488609314
0.9875333309173584
0.9999107122421265
0.0803254246711731
0.938340961933136
0.021446049213409424
0.22692665457725525
0.07363072037696838
0.9385792016983032
0.9956048727035522
0.10313266515731812
0.24155858159065247
0.5
0.9987998604774475
0.9997820258140564
0.8394575715065002
0.9964404106140137
0.9984703660011292
0.9206652641296387
0.5
0.5
0.5
0.9933426380157471
0.5
0.9999275207519531
0.9999275207519531
0.9999275207519531
0.9999275207519531
0.9999275207519531
0.9994639158248901
0.9999275207519531
0.25144362449645996
0.10954999923706055
0.8638640642166138
0.1120842695236206
0.7775449752807617
0.9859836101531982
0.9503622651100159
0.5
0.8845052719116211
0.9993284940719604
0.9951856136322021
0.21964222192764282
0.22910365462303162
0.9354612827301025
0.9994534254074097
0.9984484910964966
0.973930835723877
0.9959601163864136
0.999998152256012
0.24323850870132446
0.9943252801895142
0.5
0.9922974109649658
0.5
0.8884408473968506
0.9692088961601257
0.9970431923866272
0.999213457107544
0.9986367225646973
0.9969412088394165
0.005755782127380371
0.9949550628662109
0.9847286939620972
0.997454822063446
0.9811595678329468
0.9952614307403564
0.9306900501251221
0.19627419114112854
0.9344311952590942
0.5
0.9917048215866089
0.8348075151443481
0.9977932572364807
0.5
0.9484601020812988
0.9179230332374573
0.9089987277984619
0.8809353113174438
0.5
0.038294970989227295
0.21055176854133606
0.9153615236282349
0.7284750938415527
0.5
0.04771435260772705
0.011636137962341309
0.9657517671585083
0.08284884691238403
0.963249683380127
0.7809754610061646
0.9992271661758423
0.8489471673965454
0.9999513626098633
0.9785734415054321
0.16425538063049316
0.7566810250282288
0.8047041893005371
0.5
0.9561700820922852
0.9338443279266357
0.5
0.5
0.793475866317749
0.2441001832485199
0.11979028582572937
0.9905583262443542
0.9475868940353394
0.98424232006073
0.057151585817337036
0.9248579740524292
0.5
0.9953014850616455
0.08327153325080872
0.5
0.8753894567489624
0.22352665662765503
0.8888342380523682
0.8217580318450928
0.23406660556793213
0.8810802698135376
0.9396989941596985
0.956101655960083
0.7442556619644165
0.0483095645904541
0.8248990178108215
0.06700345873832703
0.8342759609222412
0.9962899684906006
0.9972887635231018
0.9952229261398315
0.8605388402938843
0.0018389523029327393
0.9985364079475403
0.9999539852142334
0.9905937910079956
0.028147250413894653
0.17167922854423523
0.23908314108848572
0.04771435260772705
0.9475587606430054
0.8420336246490479
0.19429093599319458
0.9072175025939941
0.8435589075088501
0.009128361940383911
0.009840339422225952
0.8043372631072998
0.10365250706672668
0.003163963556289673
0.9805772304534912
0.994511604309082
0.9956502914428711
0.10754618048667908
0.9999740719795227
0.04694029688835144
0.0029803812503814697
0.5
0.5
0.993320107460022
0.13562917709350586
0.788688600063324
0.8161591291427612
0.03772938251495361
0.97613525390625
0.9695206880569458
0.8164654970169067
0.9929858446121216
0.8706011772155762
0.912354588508606
0.9155070781707764
0.7650516033172607
0.9299755096435547
0.06793245673179626
0.8846949338912964
0.20749670267105103
0.8859860301017761
0.10666519403457642
0.1380608081817627
0.03187909722328186
0.8455008268356323
0.07106190919876099
0.8364981412887573
0.5
0.5
0.973930835723877
0.9980016350746155
0.9122724533081055
0.7667434215545654
0.04858139157295227
0.08300048112869263
0.0028065741062164307
0.129642516374588
0.8975203633308411
0.9694260358810425
0.5
0.20327973365783691
0.16715532541275024
0.8182357549667358
0.9432024955749512
0.2375306487083435
0.86429762840271
0.2141941487789154
0.9972977638244629
0.9380381107330322
0.5
0.8470144271850586
0.5
0.9977422952651978
0.9994890689849854
0.9999974966049194
0.14607378840446472
0.9757954478263855
0.9805771112442017
0.5
0.9534140825271606
0.9007235765457153
0.9851791858673096
0.5
0.996310830116272
0.8296682834625244
0.9524310827255249
0.1496424674987793
0.5
0.9996395707130432
0.02715340256690979
0.22352126240730286
0.7455572485923767
0.07821246981620789
0.02886885404586792
0.9986673593521118
0.7668622732162476
0.23721224069595337
0.9642825722694397
0.9987505078315735
0.9879961013793945
0.5
0.9977414608001709
0.9931716918945312
0.9228014945983887
0.013270676136016846
0.012340754270553589
0.0007272660732269287
0.0009909868240356445
0.8524771928787231
0.9405393004417419
0.2295304834842682
0.04494813084602356
0.8864927291870117
0.012511402368545532
0.848236083984375
0.8893057703971863
0.5
0.11192870140075684
0.05401375889778137
0.02857080101966858
0.9887211322784424
0.9073625802993774
0.7948637008666992
0.5
0.9940751791000366
0.24216505885124207
0.9602183103561401
0.7950562834739685
0.8483431935310364
0.9501370191574097
0.8921502828598022
0.9516338109970093
0.01403355598449707
0.08894708752632141
0.9697259664535522
0.13135141134262085
0.04085215926170349
0.03198486566543579
0.9808008670806885
0.9999974966049194
0.9980687499046326
0.907849907875061
0.8417686820030212
0.990332841873169
0.5
0.969677746295929
0.20950478315353394
0.9989572763442993
0.20964166522026062
0.8027904033660889
0.7145695090293884
0.1772015392780304
0.19994482398033142
0.16623234748840332
0.8204280138015747
0.9355920553207397
0.5
0.9324136972427368
0.7455487251281738
0.8536332845687866
0.9750070571899414
0.9373482465744019
0.13970595598220825
0.5
0.13089334964752197
0.9994921684265137
0.5
0.2587336003780365
0.9974352717399597
0.991629958152771
0.9808094501495361
0.9198557138442993
0.9083148837089539
0.2816104292869568
0.973930835723877
0.16088241338729858
0.989356279373169
0.2941807806491852
0.9262372255325317
0.1209004819393158
0.9816684126853943
0.5
0.9977912902832031
0.9949767589569092
0.882839024066925
0.9614555239677429
0.13381168246269226
0.9756669998168945
0.5
0.5
0.841733455657959
0.9451214075088501
0.8782565593719482
0.9821961522102356
0.23988935351371765
0.06057599186897278
0.9317668676376343
0.8250588774681091
0.9998894929885864
0.5
0.9283592104911804
0.0075664520263671875
0.9306935667991638
0.9563593864440918
0.03131455183029175
0.909396767616272
0.9950371980667114
0.8550370931625366
0.9924107789993286
0.12117335200309753
0.7856612801551819
0.7646440267562866
0.9825713634490967
0.9698154926300049
0.9990323781967163
0.952603280544281
0.687990665435791
0.9098583459854126
0.995050311088562
0.9473314881324768
0.9602064490318298
0.2689052224159241
0.18230456113815308
0.8711720705032349
0.9488160610198975
0.7762340903282166
0.9255446195602417
0.9965517520904541
0.9406216740608215
0.223260760307312
0.968774676322937
0.020840883255004883
0.850858211517334
0.9645271301269531
0.9889384508132935
0.973930835723877
0.9636374115943909
0.8521578907966614
0.7733018398284912
0.7870197296142578
0.0028093159198760986
0.004755169153213501
0.0028093159198760986
0.0028093159198760986
0.0028093159198760986
0.0020423531532287598
0.010718941688537598
0.0013259947299957275
0.010718941688537598
0.010718941688537598
0.010718941688537598
0.010718941688537598
0.04771435260772705
0.996636152267456
0.0014058947563171387
0.001329571008682251
0.9287647604942322
0.5
0.5
0.7577968835830688
0.01686421036720276
1.7881393432617188e-05
0.02639925479888916
0.1086568832397461
0.8193567991256714
0.9508147239685059
0.8083435297012329
0.9185322523117065
0.8620176315307617
0.5
0.96656334400177
0.96226567029953
0.8672763705253601
0.7526739239692688
0.8545485734939575
0.7947397828102112
0.06848081946372986
0.8710572719573975
0.9513570070266724
0.9176555871963501
0.9853132367134094
0.0969860851764679
0.3187193274497986
0.5
0.8651883006095886
0.9031711220741272
0.9999694228172302
0.9999946355819702
0.9089694023132324
0.8701190948486328
0.9997339248657227
0.5
0.18845373392105103
0.5
0.168921560049057
0.03816711902618408
0.007130324840545654
0.14130493998527527
0.9595552682876587
0.8025351762771606
0.7852737903594971
0.9457467794418335
0.9700402021408081
0.9708864688873291
0.5
0.9288547039031982
0.5
0.20914924144744873
0.5
0.5
0.8127151727676392
0.742068886756897
0.5
0.5
0.1672517955303192
0.06620568037033081
0.9134678840637207
0.07610312104225159
0.9297608137130737
0.5
0.7526406049728394
0.2027795910835266
0.8725638389587402
0.973930835723877
0.08997538685798645
0.2502061426639557
0.5
0.9544753432273865
0.9917776584625244
0.9578627347946167
0.9784367084503174
0.19104927778244019
0.9362003803253174
0.7519742250442505
0.8373777866363525
0.8310253024101257
0.0423453152179718
0.07677808403968811
0.04771435260772705
0.13393309712409973
0.1722593605518341
0.7502634525299072
0.951295793056488
0.9244704246520996
0.5
0.05585941672325134
0.9650972485542297
0.9434410333633423
0.7585045099258423
0.9262776374816895
0.7398740649223328
0.998282790184021
0.5
0.5
0.9567440152168274
0.9205727577209473
0.9613429307937622
0.8180882930755615
0.5
0.9962601661682129
0.04514819383621216
0.9970300197601318
0.943021833896637
0.96910160779953
0.9524623155593872
0.15696299076080322
0.992735743522644
0.16845056414604187
0.9978945255279541
0.9545257091522217
0.024753093719482422
0.9954514503479004
0.8087798357009888
0.5
0.18186277151107788
0.9999808669090271
0.026770800352096558
0.1484476923942566
0.8820265531539917
0.5
0.7779784202575684
0.8082020878791809
0.23682963848114014
0.5
0.5
0.5
0.5
0.8292459845542908
0.9114766120910645
0.5
0.5
0.7636781334877014
0.9980695247650146
0.5
0.04404979944229126
0.7709101438522339
0.9410045146942139
0.7454193234443665
0.8300423622131348
0.251507967710495
0.9218089580535889
0.5
0.5
0.8682847023010254
0.06812471151351929
0.008988618850708008
0.9993332624435425
0.9450182318687439
0.00045055150985717773
0.9958056211471558
0.9484163522720337
0.007836014032363892
0.0005617737770080566
0.9958525896072388
0.8862955570220947
0.9993107318878174
0.9837351441383362
0.874514102935791
0.9943166971206665
0.9744672179222107
0.20882606506347656
0.8352627754211426
0.15018203854560852
0.21020802855491638
0.014064967632293701
0.5
0.9924414157867432
0.04324719309806824
0.9941022992134094
0.06812137365341187
0.9639127850532532
0.03738364577293396
0.0980878472328186
0.8008688688278198
0.9964895248413086
0.9850277900695801
0.9999071359634399
0.9423545598983765
0.8111337423324585
0.9313119649887085
0.013218104839324951
1.0
0.99808669090271
0.023969978094100952
0.5
0.2350846529006958
0.8412114977836609
0.0994676947593689
0.8607321977615356
0.7633970379829407
0.10412979125976562
0.8182733058929443
0.8744373321533203
0.9745943546295166
0.9827591180801392
0.7730852365493774
0.9155628681182861
0.9999843239784241
0.9982089996337891
0.1981368064880371
0.9208933115005493
0.9472652077674866
0.9981103539466858
0.999664306640625
0.9235931634902954
0.7827445268630981
0.9058781862258911
0.9245583415031433
0.844266414642334
0.5
0.5
0.09340548515319824
0.5
0.8122422099113464
0.955024778842926
0.19440028071403503
0.98972088098526
0.9479262232780457
0.9999096393585205
0.7544635534286499
0.8402870893478394
0.9428907036781311
0.9493362903594971
0.9528731107711792
0.9979321956634521
0.9903619885444641
0.8050308227539062
0.09995818138122559
0.23293748497962952
0.029552459716796875
0.9953728318214417
0.9996811151504517
0.9999292492866516
0.9994291663169861
0.13121870160102844
0.9202073812484741
0.8616612553596497
0.9371005296707153
0.5
0.8460885286331177
0.07917508482933044
0.80921471118927
0.7470241189002991
0.9973399639129639
0.9869446754455566
0.03404286503791809
0.8389752507209778
0.5
0.9411563873291016
0.2159496545791626
0.17769351601600647
0.7710778117179871
0.8975620269775391
0.05396696925163269
0.9936306476593018
0.9024674892425537
0.8937784433364868
0.12449401617050171
0.10372024774551392
0.956463098526001
0.9526918530464172
0.720553994178772
0.999998152256012
0.1454346477985382
0.7851189374923706
0.961890697479248
0.5
0.8696819543838501
0.8547807335853577
0.5
0.5
0.8081718683242798
0.5
0.1665709912776947
0.9184166193008423
0.9820033311843872
0.8304413557052612
0.9999862313270569
0.9915043115615845
0.9242886304855347
0.007191717624664307
0.9920600056648254
0.5
0.9953646659851074
0.04660964012145996
0.9996328353881836
0.9685903191566467
0.9998940229415894
0.9437886476516724
0.9985364675521851
0.5
0.2612491250038147
2.7567148208618164e-05
0.705427348613739
0.26344841718673706
0.9980752468109131
0.9989431500434875
0.9989238381385803
0.04831957817077637
0.9925258159637451
0.8281728029251099
0.9818215370178223
0.02781468629837036
0.99751877784729
0.8528965711593628
0.22131547331809998
0.946940541267395
0.9272988438606262
0.775432288646698
0.9214170575141907
0.928824245929718
0.5
0.8818317651748657
0.9877747893333435
0.8183573484420776
0.9641021490097046
0.07781627774238586
0.9346879720687866
0.24824130535125732
0.021734774112701416
0.00013571977615356445
0.1857769787311554
0.20010939240455627
0.24959725141525269
0.11165019869804382
0.10936522483825684
0.8701014518737793
0.8763477206230164
0.21821677684783936
0.00028702616691589355
0.00023299455642700195
0.00028702616691589355
0.00028702616691589355
0.00028702616691589355
0.9659260511398315
0.9168609380722046
0.9738003015518188
0.7536207437515259
0.9023176431655884
0.9944759011268616
0.9822405576705933
0.7614168524742126
0.9528828859329224
0.9913706183433533
0.02465149760246277
0.5
0.5
0.8851481080055237
0.5
0.5
0.7844362854957581
0.9948707818984985
0.04623308777809143
0.9690330028533936
0.5
0.17554587125778198
0.8510237336158752
0.9814295768737793
0.9892231225967407
0.22321811318397522
0.7615456581115723
0.1627303659915924
0.07662826776504517
0.8731776475906372
0.9360206127166748
0.07504025101661682
0.9993976354598999
0.9999841451644897
0.9750264286994934
0.9999687671661377
0.23530641198158264
0.9539332389831543
0.9930406212806702
0.9280765652656555
0.8719834089279175
0.0961650013923645
0.976388692855835
0.8280395269393921
0.9737935066223145
0.9469046592712402
0.11767071485519409
0.993503749370575
0.7280713319778442
0.8525341749191284
0.5
0.981772780418396
0.9110040664672852
0.23980572819709778
0.9001196622848511
0.8575422763824463
0.900531530380249
0.26093652844429016
0.9999867677688599
0.8090929388999939
0.8420702815055847
0.10391446948051453
0.05619513988494873
0.2479575276374817
0.04530757665634155
0.9969346523284912
0.12078899145126343
0.795096755027771
0.872607946395874
0.9973312020301819
0.2180647850036621
0.7924280166625977
0.06742721796035767
0.08439773321151733
0.7871095538139343
0.09067541360855103
0.129314124584198
0.960119366645813
0.9948512315750122
0.9965806603431702
0.9024317264556885
0.8355555534362793
0.13917237520217896
0.0981149673461914
0.048051297664642334
0.9276679754257202
0.888306736946106
0.21878069639205933
0.9765387177467346
0.5
0.9475584626197815
0.8641002774238586
0.5
0.8420237302780151
0.7229209542274475
0.5
0.09972652792930603
0.9330062866210938
0.9788944125175476
0.8892019987106323
0.5
0.8954305648803711
0.919985294342041
0.22706973552703857
0.9256396293640137
0.9213875532150269
0.24049147963523865
0.9509886503219604
0.011530756950378418
0.9072993993759155
0.9298763275146484
0.5
0.5
0.5
0.060304731130599976
0.23518872261047363
0.7666161060333252
0.20456862449645996
0.9297277927398682
0.9135422706604004
0.14535993337631226
0.8607538938522339
0.9127765893936157
0.1775887906551361
0.0018925964832305908
0.24331894516944885
0.9367125630378723
0.9999972581863403
0.5
0.9422509670257568
0.8872573971748352
0.5
0.9405510425567627
0.9197773933410645
0.8939831256866455
0.7524288892745972
0.5
0.24085140228271484
0.020636141300201416
0.7803009152412415
0.19293177127838135
0.13391649723052979
0.19566458463668823
0.9961923360824585
0.9894380569458008
0.999994695186615
0.9775593876838684
0.14785978198051453
0.1604365110397339
0.14772987365722656
0.9222475290298462
0.9789535403251648
0.30663394927978516
0.1633383333683014
0.9999949932098389
0.7813063859939575
0.7561823725700378
0.867879331111908
0.7841495275497437
0.5
0.888837993144989
0.5
0.9180309772491455
0.9986954927444458
0.9409531354904175
0.9522018432617188
0.9487677812576294
0.5
0.973930835723877
0.9873567819595337
0.19873857498168945
0.79374760389328
0.24424773454666138
0.9728810787200928
0.5
0.8367790579795837
0.02723616361618042
0.9996421337127686
0.12828510999679565
0.807697057723999
0.9064172506332397
0.9075619578361511
0.9182177782058716
0.9973907470703125
0.5
0.9259366989135742
0.9556949138641357
0.5
0.6942522525787354
0.21841678023338318
0.842200756072998
0.9450833797454834
0.5
0.5
0.741285502910614
0.9461444616317749
0.03717204928398132
0.10621863603591919
0.7603883743286133
0.8250555992126465
0.19177678227424622
0.009180724620819092
0.5
0.8583448529243469
0.21576547622680664
0.16517490148544312
0.9808915853500366
0.24665844440460205
0.9597129821777344
0.007282555103302002
0.9624347686767578
0.7260958552360535
0.9369674921035767
0.06399789452552795
0.9667980074882507
0.12904629111289978
0.24956125020980835
0.5
0.06108197569847107
0.9259552955627441
0.8107414245605469
0.19102743268013
0.1250571310520172
0.9451224207878113
0.9760849475860596
0.9003105163574219
0.010290652513504028
0.7558147311210632
0.8084416389465332
0.056188881397247314
0.9890323877334595
0.766079843044281
0.5
0.7150800228118896
0.9999801516532898
0.9929836988449097
0.9999962449073792
0.9421496391296387
0.28038763999938965
0.8851862549781799
0.8658625483512878
0.043306052684783936
0.09493708610534668
0.5
0.09870806336402893
0.1721094846725464
0.14816498756408691
0.21326443552970886
0.18420401215553284
0.9792473316192627
0.9776978492736816
0.138248473405838
0.7876249551773071
0.16308733820915222
0.923447847366333
0.9978553056716919
0.014894038438796997
0.015971124172210693
0.1338718831539154
0.9948017001152039
0.8759493827819824
0.8110330700874329
0.947654664516449
0.993610680103302
0.9708043336868286
0.16176089644432068
0.8462218046188354
0.20229288935661316
0.9456576108932495
0.8805266618728638
0.9184457063674927
0.16390275955200195
0.07551825046539307
0.9515986442565918
0.8276810646057129
0.16580483317375183
0.9323693513870239
0.5
0.5
0.5
0.9464240074157715
0.5
0.1186048686504364
0.8778320550918579
0.0017288923263549805
0.5
0.8988684415817261
0.5
0.5
0.06547719240188599
0.5
0.5
0.5
0.9906798601150513
0.9480403065681458
0.19327840209007263
0.23012474179267883
0.8744714260101318
0.09370064735412598
0.5
0.997539222240448
0.997539222240448
0.997539222240448
0.997539222240448
0.997539222240448
0.997539222240448
0.031522274017333984
0.031522274017333984
0.031522274017333984
0.031522274017333984
0.031522274017333984
0.042155563831329346
0.9863817691802979
0.7153158783912659
0.16465336084365845
0.9924414157867432
0.9142353534698486
0.9346053600311279
0.9469099044799805
0.09258347749710083
0.5
0.9400962591171265
0.9820064306259155
0.8691293001174927
0.19921943545341492
0.9358248114585876
0.8590062856674194
0.9717673063278198
0.017007827758789062
0.9185061454772949
0.033573806285858154
0.5
0.9259026050567627
0.8312127590179443
0.958031952381134
0.10646027326583862
0.8860186338424683
0.9028007984161377
0.9172929525375366
0.8785330653190613
0.8393226861953735
0.0713004469871521
0.9038701057434082
0.5
0.8113729357719421
0.7782898545265198
0.5
0.8618583679199219
0.5
0.9300464391708374
0.5
0.7933025360107422
0.7727066278457642
0.8036942481994629
0.9989244341850281
0.9681800007820129
0.8300976753234863
0.8883507251739502
0.8638351559638977
0.8570067882537842
0.9093691110610962
0.81486976146698
0.20646148920059204
0.08968660235404968
0.04479369521141052
0.9858736991882324
0.9420843124389648
0.11184388399124146
0.5
0.5
0.5
0.5
0.023647844791412354
0.5
0.8742478489875793
0.02159804105758667
0.8609952926635742
0.8427555561065674
0.9321743845939636
0.1537679135799408
0.9044054746627808
0.9560064673423767
0.00028693675994873047
0.5
0.8827693462371826
0.9998271465301514
0.9450252652168274
0.9829916954040527
0.920142412185669
0.08866780996322632
0.23822805285453796
0.05894008278846741
0.5
0.9995933771133423
0.9873727560043335
0.970064103603363
0.8883360624313354
0.24200937151908875
0.9533472657203674
0.8772647976875305
0.1540309488773346
0.8069323301315308
0.0019378960132598877
0.9600410461425781
0.2681724429130554
0.8879384994506836
0.1145753264427185
0.5
0.9376728534698486
0.9223507046699524
0.7671924829483032
0.8893784880638123
0.86574387550354
0.07218590378761292
0.038494229316711426
0.22901898622512817
0.9980544447898865
0.8624169826507568
0.5
0.15218591690063477
0.7671493887901306
0.0017744004726409912
0.1567034125328064
0.961042582988739
0.7837304472923279
0.9677084684371948
0.975064754486084
0.9868178367614746
0.9920108318328857
0.8074525594711304
0.8770370483398438
0.9439278841018677
0.8833526372909546
0.8561999797821045
0.5
0.06995782256126404
0.8791611790657043
0.8339808583259583
0.5
0.8536988496780396
0.9101154208183289
0.5
0.7962456941604614
0.9886455535888672
0.928626537322998
0.9816679954528809
0.7738703489303589
0.9996300935745239
0.09085345268249512
0.9882076978683472
0.9956527352333069
0.9996392726898193
0.9978722333908081
0.23974627256393433
0.9518052935600281
0.7922312021255493
0.999203085899353
0.9951964020729065
0.943904459476471
0.979456901550293
0.16532695293426514
0.764216423034668
0.8142056465148926
0.14988741278648376
0.9163869619369507
0.1080617904663086
0.9320595860481262
0.7980393171310425
0.16975107789039612
0.9991586208343506
0.8129974603652954
0.9960488080978394
0.7724401950836182
0.23938843607902527
0.24386385083198547
0.7834124565124512
0.10631290078163147
0.982353925704956
0.047834187746047974
0.8757723569869995
0.974280834197998
0.2326851785182953
0.12665504217147827
0.7052082419395447
0.8421053886413574
0.8036454319953918
0.9442477226257324
0.26473209261894226
0.9434686303138733
0.2301592230796814
0.09282177686691284
0.031715989112854004
0.058092087507247925
0.8891510367393494
0.8724346160888672
0.9948909282684326
0.8846784830093384
0.998611569404602
0.9977422952651978
0.8612116575241089
0.5
0.8837570548057556
0.5
0.9676907062530518
0.7466409206390381
0.8510578274726868
0.7397725582122803
0.8703154921531677
0.7731537818908691
0.9206016063690186
0.8359904885292053
0.9680436849594116
0.13351008296012878
0.035116046667099
0.003249138593673706
0.06247928738594055
0.22102263569831848
0.9472545385360718
0.027068138122558594
0.8933746218681335
0.03792658448219299
0.9313634634017944
0.7907220125198364
0.0016377270221710205
0.969851016998291
0.913516640663147
0.18958374857902527
0.9200230836868286
0.904289960861206
0.9888793230056763
0.5
0.148660808801651
0.9402052164077759
0.9035707712173462
0.05582544207572937
0.8735904693603516
0.9976810812950134
0.9824842810630798
0.9313467741012573
0.057201385498046875
0.9571649432182312
0.8652435541152954
0.7777425050735474
0.7703841924667358
0.8466762900352478
0.92287278175354
0.5
0.5
0.08708560466766357
0.20921003818511963
0.14194616675376892
0.15339535474777222
0.6958924531936646
0.9524511694908142
0.9566652774810791
0.10550153255462646
0.8974959850311279
0.9002840518951416
0.8243082761764526
0.9748685956001282
0.8614939451217651
0.9794168472290039
0.5
0.999996542930603
0.09296324849128723
0.9947658777236938
0.2297106385231018
0.930651068687439
0.7763333320617676
0.1857699751853943
0.04713231325149536
0.5
0.9997257590293884
0.07087710499763489
0.15021160244941711
0.902682900428772
0.7844206094741821
0.9905717372894287
0.8210103511810303
0.13378655910491943
0.9866088628768921
0.8499819040298462
0.08862999081611633
0.9976423978805542
0.8107713460922241
0.24328818917274475
0.009407728910446167
0.9423696994781494
0.9933292865753174
0.9979676008224487
0.9161089658737183
0.8633027076721191
0.7529996037483215
0.7995951175689697
0.9558506011962891
0.9025530815124512
0.9918677806854248
0.16763776540756226
0.1123589277267456
0.7602401375770569
0.9055643677711487
0.8360254764556885
0.9999552965164185
0.7709062099456787
0.869043231010437
0.7374764680862427
0.9964433908462524
0.9957308769226074
0.2060699164867401
0.7520002126693726
0.9785491228103638
0.985914945602417
0.8878225088119507
0.24248069524765015
0.19939765334129333
0.8089237213134766
0.5
0.24169793725013733
0.7144085168838501
0.8549444079399109
0.23470157384872437
0.12015071511268616
0.9164590835571289
0.5
0.947644829750061
0.8756873607635498
0.9379086494445801
0.956552267074585
0.8471599817276001
0.8536834716796875
0.5
0.9992597699165344
0.7725013494491577
0.7546002864837646
0.7076374888420105
0.031350523233413696
0.8685582876205444
0.917719304561615
0.9384375810623169
0.14371946454048157
0.006006777286529541
0.9581007957458496
0.5
0.8457320928573608
0.8333248496055603
0.5
