0.4089285714285714
0.6
0.05000000000000001
0.19090909090909092
0.55
0.4
-0.6000000000000001
0.5681818181818181
0.0
-0.25
-0.2
0.0
0.13636363636363635
-0.15000000000000002
0.5
-0.14583333333333334
0.5
0.0
0.0
0.7000000000000001
0.5
0.0
0.4
-0.007142857142857173
0.5
0.07500000000000001
-0.10555555555555551
0.0
0.2333333333333333
0.7
0.2
-0.05
0.0
-1.0
0.4
0.25
-0.23750000000000002
0.4
0.5
0.0
0.04
0.0
0.0
0.0
-0.8
1.0
-0.15454545454545457
0.16
0.6000000000000001
0.13636363636363635
0.0
0.21818181818181817
0.0
0.3
0.0
0.0
0.25
1.0
-0.75
0.25
0.0
0.5
-0.75
-0.15000000000000002
0.1
0.1
0.26666666666666666
0.0
0.0
0.0
0.0
0.0
0.25
-0.75
-0.2
-0.4
-0.15476190476190477
0.43333333333333335
0.0
-0.37
-0.09999999999999999
-0.35000000000000003
0.2
0.0
-0.3
0.0
-0.4
-0.7875000000000001
0.44999999999999996
0.65
0.4681818181818182
0.37878787878787873
0.6000000000000001
0.375
0.0
0.41111111111111115
0.4
0.0
0.8
0.8
0.21212121212121213
-0.3277777777777778
0.6
0.7
0.27878787878787875
0.7
0.7
1.0
0.19
0.21000000000000002
-0.125
0.5
0.25
-0.07777777777777779
0.125
-0.32222222222222224
-0.4458333333333333
-0.4
-0.5
-0.4
-0.4
-0.2666666666666667
0.1625
-0.8
-0.44999999999999996
0.0
-0.75
-0.775
0.15
-0.15
0.5
-0.5
0.0
0.19999999999999996
-0.1
0.2
0.0
-0.2
0.43333333333333335
-0.25
0.0
0.0
0.41523809523809524
0.375
0.0
0.3666666666666667
0.4
-0.10500000000000002
0.25
0.55
0.0
0.0
0.024999999999999994
-0.35
0.0
0.0
0.5
-0.2
0.0
0.2
-0.05681818181818182
0.5
0.35
-0.6
-0.24272727272727274
0.5
-0.04999999999999999
-0.15
0.7333333333333334
0.13636363636363635
0.5
0.5787878787878787
0.2
0.5083333333333333
0.525
0.25
0.4166666666666667
0.15000000000000002
0.55
0.2333333333333333
0.5
1.0
1.0
0.5249999999999999
0.7
-0.2
0.1
0.6333333333333333
0.7
1.0
0.7
0.8
-0.125
0.42500000000000004
0.15
0.5
0.5
0.0
0.7
0.025000000000000022
-0.4
0.5
0.55
0.35
0.0
0.11481481481481481
0.5
-0.2
-0.8
0.0
0.575
0.0
0.325
0.0
0.7
0.36818181818181817
0.08
-0.8
-0.38518518518518524
0.8
-0.3333333333333333
-0.2232804232804233
-0.3
0.09999999999999998
-0.5
0.0
0.0
-0.6
0.36818181818181817
-0.32222222222222224
0.0
0.2556818181818182
0.125
1.0
-0.1
0.5
0.0
0.6621212121212121
0.40909090909090906
0.5
0.0
0.2
0.6
0.0
0.0
0.0
0.3
0.0
0.0
0.0
-0.55
-0.7999999999999999
-0.1
-0.04999999999999999
0.5
0.65
-0.04999999999999999
-0.3125
0.7
0.26666666666666666
-0.5
0.8
0.0
0.5
0.5454545454545454
1.0
-0.04999999999999999
0.2681818181818182
0.25
0.4
0.5000000000000001
0.5583333333333333
0.65
0.78
0.625
0.0
0.475
0.0
0.30000000000000004
0.5
0.5
0.27878787878787875
-0.10000000000000002
0.8
0.09999999999999998
0.0
-0.35
-0.2888888888888889
0.7
0.16
0.35
-0.5
0.2
0.0
-0.2277777777777778
0.0
0.0
-0.5685185185185185
0.5
-0.30000000000000004
0.0
0.2
-0.8
0.043181818181818175
-0.175
-0.2
-0.38888888888888884
-0.35
0.7
0.25
-0.65
-0.8
-0.8
-0.425
0.0
0.2857142857142857
-0.39999999999999997
0.27777777777777773
0.0
0.65
-0.6999999999999998
0.06666666666666665
0.5666666666666667
0.0
0.1579861111111111
-0.3
0.39999999999999997
0.24545454545454545
0.125
0.22812500000000002
0.35
0.4
0.7
-0.08124999999999996
0.17222222222222222
0.48333333333333334
0.2857142857142857
0.27812499999999996
1.0
0.2
0.09375
0.39166666666666666
0.7
0.4
0.13333333333333333
0.0
0.5
0.25
-0.2
0.7333333333333334
0.39999999999999997
0.6
0.4166666666666667
0.4
-0.125
-0.8
0.1
-0.05
-0.43333333333333335
