0.978283
0.970704
0.966816
0
-0.881738
0.995529
-0.970342
0
-0.979488
0
-0.966504
-0.396255
-0.66828
-0.849205
0.913832
0.49893
0.849839
0
0.832381
-0.854646
0.788132
-0.517601
0.0
0
0.0
0.838918
0.327809
0
0.846506
-0.959232
0
0
0
0
-0.941461
0.335367
0.991924
0.972982
0.992875
0
0.0
-0.897525
0.990834
0
0.907794
0.997151
0.997097
0
0.0
0
0.95751
0.773529
0.992748
0.862963
-0.810882
-0.442998
0.647454
0.934604
0
-0.999324
0.993219
0
0
-0.796111
0
-0.493901
0.973804
0
0
0.804636
0
0
0.0
-0.99909
0.997549
0.842389
-0.982256
0
0
0.960285
0
0
0
0
0.0
0.97408
-0.830261
0.487385
0
0.990725
0
0.990497
0.92566
0.970766
0.976369
0
0
0.0
0.7572
0.999281
0.876951
0.998051
0.585957
0
0
0.988665
0
-0.937971
0
0
0
0.931347
0
-0.936323
-0.998868
0.340209
0.962382
0
0.934349
0.862365
0
-0.949275
0.99039
0.932191
-0.696508
0
0
0.0
0
0
0
-0.53464
0
-0.852889
0
0.804311
-0.66272
0
0.0
0.620818
0.981141
0
0.0
0
0.901846
0.611813
-0.712612
0
0.516023
0
0
0
-0.98448
0
-0.783457
0.989641
-0.974744
-0.99265
-0.922513
0.983137
0.600695
0.97905
0.773052
0.992986
-0.968333
0
-0.786688
0
-0.940553
0
-0.962192
0.0
-0.312981
-0.91586
-0.966637
-0.927673
0.635825
-0.860428
-0.993954
0.997414
0.996681
0.742225
0
0.859829
-0.984562
-0.805422
0.934528
0.99184
0
-0.987614
0
-0.585287
0.58739
0.835377
0
0
0
0
0.567464
-0.999997
0.962109
0.794655
-0.958703
0
0.952208
0
0.998357
-0.973999
0.966004
0
0
-0.665564
-0.977347
-0.928623
0.996809
-0.913875
0.964706
-0.858287
0
0
0
0.644793
0.61238
0.0
-0.7327
-0.471786
0
-0.642342
0
0.538394
-0.56644
0.688727
0
0
0.983002
0.97089
-0.899784
-0.407464
0.996593
0
0
0
-0.96203
0.978854
-0.410622
0
-0.950598
0
0.976202
-0.55832
0
0.993576
0.995002
0
0
-0.997983
-0.288724
0.985717
0
-0.643941
-0.688902
0.963785
0.568884
0.922523
0.8701
0
-0.678669
0.885453
0
-0.966142
-0.972992
-0.279138
-0.912747
0
0
0
0.819327
0.981301
0
0.402324
0.894484
0.997556
-0.687858
-0.919367
-0.986233
0.991256
0.99806
0.997827
0.838728
0
0
0
0.986575
0.994938
-0.599788
0.985909
0.613017
-0.868801
-0.979701
-0.581758
-0.846387
0.983967
0
0
-0.815641
0.857829
0.975356
0.996115
0.926576
-0.948015
-0.909723
0
-0.583511
-0.486111
0
0
0.0
0
0.0
0
0
0.977795
0.704406
0.0
-0.968086
0
-0.786705
0
0.957016
0.986527
0.966828
0.0
-0.831347
0
0.847701
0.760779
0
0.85313
0.0
0.893902
0.747187
-0.924817
-0.76736
-0.960706
-0.938489
0
0
0
0
-0.661306
-0.931226
-0.894831
-0.950085
0
-0.989429
0
0.911175
0.535736
-0.948842
-0.821514
-0.909448
0.938992
-0.710402
0.976465
0.0
0
0
0.0
0.0
0
0.859419
0
-0.967039
0.976821
0
-0.863679
0
-0.808458
0
0.428173
0
0.803676
-0.349271
0.912259
0
0.91853
-0.928116
0.99158
0.976752
0
0
0.574286
0.0
0.985764
0
0
0
0.977032
-0.56163
-0.638675
0.355871
0.999291
0.716048
0
0
0.988654
0.522193
-0.814692
0.0
0
-0.862304
0.44953
0.69911
0.0
0.916672
-0.812735
-0.936923
0.637648
0.993221
0
-0.890619
0
0
0
0.999001
0.94463
-0.919694
-0.914759
0
0
-0.762053
-0.801962
0.994002
0
0.871108
0.567825
0.0
0.976021
-0.734009
0.928115
-0.652198
0.951945
0
0.941076
0.995936
0.0
0
-0.646158
0.891825
0
0
0
0.512631
0.762329
0.989384
-0.666737
0.883884
0
-0.86535
0
0.0
-0.726438
-0.686154
-0.55861
-0.980678
0.749238
0
0
0.499092
-0.894082
-0.880023
-0.893013
0
0
0
0
0.926672
0.417254
0.990418
-0.617805
0.91535
-0.534767
-0.823771
-0.986234
0.43156
-0.913786
0
0.967961
0.0
0.974803
0.983377
-0.831004
0
-0.970472
0
-0.850765
0
-0.991177
0
0.893243
0
0.999042
0
0.97161
0
0.551814
0.570857
0.718433
0
0
0
0.934604
-0.585227
0
0
0.675048
-0.838516
0
0.949097
0.534658
0
0.472209
-0.778803
-0.927115
0.971848
0
0.768233
0
0
0
-0.995462
0.950873
0
-0.995356
0
0.927539
0.761377
-0.879553
-0.765841
-0.89192
0.573684
0
-0.958227
0.979203
0.987324
0.555527
0.319549
0.0
-0.864776
0
0.68102
0
-0.626398
-0.532808
0.0
0.0
-0.982443
0.968476
0.976635
0
-0.843761
0.934604
0.765752
0
0
-0.679205
-0.933649
0
-0.92023
0.982513
0
0.976972
0
0.0
0.542641
0.416529
0.807919
0.946983
0.849161
0
-0.912648
0
-0.893278
0
-0.780045
0
0
0.946609
-0.983117
0.946755
0
-0.937147
-0.962132
-0.922176
-0.962111
0.987279
-0.828277
0
0
0.75666
0.899361
0.98492
0.829826
0
-0.697094
0
-0.309142
-0.963681
0
0.0
0.893496
-0.597995
0
0
0.960817
-0.994782
-0.454941
0.959246
0
0.0
-0.878657
0
0.63402
0
0.946099
0
0.587844
-0.95868
0.60467
0
0.772008
0
0.8461
0.0
0.934604
-0.951989
0.896297
0.0
-0.816842
0
0.939111
-0.706039
0
-0.611635
0.0
-0.524864
0.0
0.953876
0.730211
0.732533
0.0
0
0
-0.917345
-0.840551
0.642273
0.0
0.479018
-0.951922
0
0
0
0
-0.862795
-0.771957
0.6543
0.938236
0
0.961199
-0.830469
-0.799076
0.977842
0.817015
-0.966257
0
0.933635
0
0
-0.9398
0
0
0.0
0.87105
0
0.0
0
0.943323
0.754762
0
0.663922
-0.885442
-0.7706
0.977811
-0.691989
-0.428387
0.915395
0.991978
0.69137
-0.467079
0.934604
0
0.0
-0.861712
0
0.935547
0
0.616959
0
-0.988245
0.937397
0.786305
-0.788662
0
0
-0.62755
0
0.672012
0.715951
0.0
-0.928548
-0.846716
0.566893
0
0
-0.941576
-0.943941
0
0.859708
0.773072
-0.278695
0.746397
0.997657
0
-0.943012
0.0
0.931525
0.643788
-0.659032
0.955299
-0.611207
0.986633
0
-0.594953
-0.995856
-0.794366
0
0.0
0.537858
0.925472
0.979444
0
0
-0.99573
0
0.839599
0.694745
-0.817836
0
0
-0.968016
-0.907084
0.83674
0
0
0.898495
0
-0.912912
-0.68737
0
0
-0.932342
0.947149
-0.776881
0
0
0
-0.884698
0.977228
0.0
0.881787
0
0
0.696217
0
0
0
0
-0.601114
0.817969
0.939296
0.967527
-0.635602
-0.971836
0.0
0
0.989497
-0.707342
0.694437
0.685016
0
0
-0.948308
0
0.0
0.0
0
0
0
0.947858
-0.872405
-0.99419
0
-0.915306
-0.391118
-0.645258
-0.362027
0
0.999092
0.0
-0.518236
0.0
0.995325
0
0.715856
0.0
0
-0.903966
-0.470177
-0.990787
0
0.79855
0.956196
0.904703
0.943289
0
0
0
0
0.9958
0.666078
0
0
0.977465
0.711493
0.980235
0
-0.639378
-0.571936
-0.779996
0.968156
0.328502
0.969745
-0.417311
0
0.964373
0
0
0.726007
-0.362879
-0.706933
0
-0.840763
0
0.690914
0
0.0
0
0
0.974542
-0.548058
-0.615194
0
-0.763489
0.0
-0.616608
0.966323
0
0.672219
0.845134
0.944286
0
0
0
0
0
-0.996781
0.917395
0
0.911078
0
0.978879
0
-0.818414
-0.889476
-0.552281
0
0
0.933068
0.803818
0.0
0.985366
0.851928
0.962471
0.749238
-0.876613
0
0
0
0.948637
0.987524
0.979148
-0.318975
-0.814474
0.892204
0.966829
0.996271
0.819795
0
0.441803
0.952618
-0.896292
-0.962727
0.70596
0
-0.866831
0.792849
0
0
0
-0.660841
0.932888
0.0
0.949211
0
0
0.981402
0.922
0
0
0
-0.94456
-0.8185
-0.790222
0
0
0
-0.901512
0
-0.515806
0.826616
0
-0.617856
0
0.336418
0.577904
0
0.552539
0.299546
0.930508
0.841884
0.0
-0.939253
0.52752
0.437722
0
0.960835
0.792708
0.543832
0.976712
0.845505
0
0
-0.731561
0.485043
0.553101
0
0.559126
0
0
0
0.897119
0.967711
0
0.914772
0.964058
0
0.709134
0.579487
0.751424
0.771911
0.88213
0
0
0
-0.812955
0.947512
0
0.689564
0.833855
-0.569754
-0.733114
-0.902842
0.981264
0.505809
0
0
0
-0.712424
-0.821827
0.911123
0.996447
0.952965
-0.800838
0.0
0
0.930538
0.825492
0
0
0.634853
0.984998
0.0
0
-0.908054
-0.962289
0.973478
0
-0.811731
-0.789423
0.972894
0.491448
0.910387
0
0
0
0
0.783134
-0.658138
0
0
0.247062
0.886888
0
0
-0.841481
-0.721183
0.366274
-0.527647
0
0.563967
0.932272
0
0.785942
0.974975
0
-0.648304
-0.969593
0.690914
0.623274
0
-0.846518
0.992047
0.319953
0
0.830837
-0.878919
-0.946994
-0.792452
-0.75839
0.0
0.0
0.984614
0
0.983521
-0.829543
0.778708
0
-0.837522
0.911695
0.788482
0
0
0.785346
0.6782
0.0
0.630863
0
-0.807695
0
-0.70155
0.752705
0.0
0.0
-0.388621
0.991552
0.582957
0
0.626996
0.843243
0.990143
0
0.635303
0.921185
0.895763
0
0
0.984929
0.444015
-0.575536
0
-0.584514
0
0.0
0
0.820792
0.992812
0.98294
0.896655
0.948791
-0.714735
0.0
0.834611
0
-0.863785
-0.934555
0.915672
0.903379
0.533782
0
0.611062
0
0.881077
0.650883
0.92563
-0.849437
0
-0.24159
0.927958
0
0
0
-0.891723
0
0.843529
-0.993631
0.999357
0.903119
0.448074
0.973887
0
0.644634
0
0
-0.477535
0
-0.414482
0.0
0.98069
-0.594136
0.987454
0.986821
-0.975341
0.914911
-0.653516
0.707334
-0.890626
0.843609
0.854904
0.914124
-0.547553
0.878995
0
-0.811054
0
0
-0.932245
0.995885
0
0.999112
0.87541
0
0.965689
0.0
0.975938
-0.759933
0.957871
0.939562
0.581721
0.517322
0.958149
0.795228
-0.345953
0.0
0
-0.971306
0.818524
-0.475183
-0.646025
0.846127
0.856791
0.830177
0.87914
0.525022
-0.496182
0.652987
0.0
-0.899558
0
0.936282
0
0
0
-0.41188
-0.460465
0
0
0.666999
0.889883
0.949521
0.958568
0.924097
0
0.0
0
-0.728101
0.350537
0.953691
0
0
-0.58108
0
0.684125
0
0.906378
0.721764
0
-0.75916
-0.774552
0
-0.973823
0.728789
0.671914
0
-0.613996
0.976655
0.0
0
0
0.897602
0.0
0
0.68713
0.993444
-0.946228
0
0.393792
0.0
0
0.687925
-0.527283
0.901766
0
0
0.459919
0
0
-0.603867
0
-0.668597
0
0
0
-0.829882
0.989352
0.0
0.0
0.282388
-0.26542
0.952883
-0.93938
0.92006
0
0
-0.730997
0
-0.963817
-0.822026
0
-0.592105
-0.922691
0.0
-0.847183
-0.466284
0.620369
0.441699
0.0
0
0.984643
0.84656
-0.938822
0.855922
0.541921
0
0.950917
0
-0.911689
0
-0.923333
0
0.98694
0.915918
0.577604
0
0.754401
0.733468
0
0.9107
0.668366
-0.935911
0.0
0.0
-0.878256
0
0.633452
0.98261
0
0.450703
0
0.802332
0.0
0.66188
0.0
0.715854
-0.830301
0.508441
-0.889313
0.508441
-0.7099
0
0.607699
0.871461
0
0
0
0.0
0.972441
-0.908973
0.995234
0
-0.59084
-0.343968
0.864396
0.814027
0
0.811001
0
0.967374
-0.680898
0
-0.566512
0
0.955744
0.99676
-0.871513
0.0
-0.573932
-0.946068
0.421506
-0.673225
-0.482029
-0.962861
-0.964966
-0.77983
-0.536888
0
0
0.443618
0.674704
0.963494
0
0
0.971698
0
0
-0.798193
0.928721
0.952164
0
0.938588
0
0
-0.547093
0
0
0.0
0.963212
-0.603666
0.843738
0
0.618575
0.950272
0.978907
-0.905634
0.571793
-0.989325
0.665041
0.97089
0
0.448221
0
0.974006
0.0
-0.753758
0.815641
-0.885349
0.941507
0
0.911579
0.384068
0
0.983701
0.541717
0.896539
0.984459
0.977621
0.978948
0.978948
0.978948
0.990556
0.955386
0.963966
0.982164
0.982164
0.982164
-0.964385
-0.916287
-0.91676
-0.91676
-0.91676
-0.968019
-0.946119
-0.942561
-0.833741
-0.833741
-0.833741
0.96947
0.882259
0.941542
0.947955
0.947955
0.971602
0.961905
0.912708
0.946569
0.946569
0.946569
0.87679
0.862622
0.888433
0.888433
0.888433
0.87679
0.957588
0.941683
0.936451
0.936451
0.936451
0.97899
-0.943501
-0.900417
-0.92206
-0.92206
-0.92206
-0.968595
-0.969766
-0.94527
-0.91563
-0.91563
-0.91563
-0.959168
0.990593
0.945945
0.956303
0.956303
0.956303
0.990593
0.670271
0.533037
-0.709145
0.562365
0.504891
0
-0.897517
0.976702
0.924075
0
0
0.907549
0
0
0
-0.545964
-0.65751
0
-0.551565
0
0.880981
0.640605
-0.551719
-0.39189
-0.745504
0.586579
0.5926
-0.47678
-0.947131
0.963806
0.57001
0.949992
0
-0.820404
-0.924153
0.275535
0.987214
0
-0.490689
0
-0.285916
-0.969338
0
0.863395
0.612139
0.859764
0.896518
0
0.883434
-0.800662
-0.518138
0.845118
0.466087
0.642872
0.930177
-0.761576
0.858774
0.974751
0.96538
0.937026
0.785437
-0.301398
0.0
0
0.815514
0.954035
0
0
0.865212
0
0
0.990903
0.896746
0.0
0.943809
-0.804434
0.822323
0.540718
-0.702132
0.574983
-0.846473
0
0.817499
0.418016
0.556927
0
0
0.696481
-0.239605
0.920978
0
0.564584
0
0
0.934604
0.856259
0.967626
0.960495
0.828579
0.0
0.634417
-0.813404
0.898765
0
0.855271
0
-0.620311
-0.909642
0.410724
0.0
0.977747
0
0
0.509603
0
0.898726
0.694541
-0.943551
-0.909058
0
-0.877392
-0.646393
0.851945
0.934604
0
-0.49704
0
0
-0.645143
-0.509389
-0.886077
0.928667
0.880974
-0.811071
-0.535561
-0.425302
0.436799
0.988666
0.799337
0.560846
-0.914823
0.0
0
-0.912747
-0.364542
-0.907602
0.688606
0.835467
0.0
-0.654187
0.932929
0
0
0
0.445229
0.953574
0
0
0.541026
-0.842436
-0.810931
-0.917857
0
-0.657886
0.839893
0
0.774008
0
0
0
0
0
-0.613271
0.996538
0
-0.332011
0
0.686461
0.969847
-0.860807
0
0
0
0
0.858741
0
0.934604
-0.821981
-0.725725
0.984474
0.454511
0.866123
0.654185
0.992159
0.0
0
-0.877713
0.0
-0.922182
0.514012
0.982885
0.93805
0.654915
0
0.994517
0
0.781625
0
-0.909101
0
-0.856435
-0.361448
-0.811691
0.806705
-0.978925
-0.670889
-0.644393
0.887278
-0.777424
-0.836708
-0.725209
0.98472
0.990205
-0.467109
0.742972
0.0
0.786592
0.945587
-0.434315
0.997777
-0.701253
-0.76908
0.0
0
-0.623903
0
0.918011
0
-0.707734
0
-0.870012
0
0.95658
0.86693
-0.878832
-0.844173
0.696386
0
0.444673
0.994387
-0.888753
0.69924
0.632924
0.948017
0.781876
0.533468
-0.342785
0
0.849762
-0.553946
0.663257
0.315083
0.983786
-0.936138
-0.734194
0.993461
0
0
0
0.98701
0
0
-0.92404
-0.994782
-0.804933
0.0
0
0.84767
0.484925
0.0
-0.912747
0
-0.983164
0.681625
0
-0.596636
0.986991
-0.778617
-0.882462
0.878138
0.99863
0.837656
0.930963
0
-0.944235
-0.509081
0
0
0
0
0
0.924742
-0.994782
0
0.504507
0.820612
0
0.997607
0
0.682498
-0.548202
0.841514
0.993105
0.924437
0.728809
0.974829
0
0.752992
0
0
-0.991772
0
-0.822926
0.0
0.740047
0.46194
0.941805
0.946885
0
0.379962
0
-0.900637
-0.824077
-0.850096
-0.850096
-0.850096
-0.967873
-0.866517
-0.861005
-0.861005
-0.861005
0.98727
0.985093
0.953502
0.953502
0.953502
0.485366
0
0.485366
0.485366
0.485366
0.996936
0.990486
0.992571
0.992571
0.994031
0.996936
0
-0.868487
0
0
-0.731665
0
0.967158
0.990111
0.956303
0.956303
0.956303
0.974925
0.958338
0.974925
0.974503
0.974503
0.901278
-0.946119
-0.96669
-0.969074
-0.969074
-0.969074
-0.925684
0.995987
0.994054
0.987522
0.987522
0.987522
-0.904626
-0.788395
-0.746641
-0.746641
-0.746641
0
0.668895
-0.403695
0
0
0.85387
0
0.522568
0.622149
-0.516644
0
0.352064
0.954225
0.855387
0.98153
0
0
0
-0.85447
0
0.987493
-0.877711
0.371804
0.907653
0.734652
0
-0.784896
-0.857607
0.975783
0.0
0
0
0
0
0
0.0
0.9427
-0.252527
0.354193
0.651419
0
-0.837076
0
0.0
0
0.890985
-0.831013
0.954173
-0.362747
0
0.974505
0.377979
0.90074
0.0
-0.58995
0.707065
-0.773529
0
0
0.714438
0
0
0
-0.986279
0
-0.343219
-0.802779
0.607726
0
0.990957
0
0.917787
0
0.990593
0.0
0.324286
0.547461
0
0
0
0.528656
0.963996
-0.506433
0.776665
0
0.0
0.0
0
0.897905
0
0.688537
0
0.84779
0.780691
0
0.933349
0
0
0.974099
0.959172
0.663145
0.945714
-0.374879
0.943445
0
-0.890188
0
-0.662123
0
0.884844
-0.901586
0
-0.674694
-0.95496
0
0
0
0.530801
0.971047
0.924372
0.535881
0
0.979375
-0.852276
0.326334
0.923788
0
0.922814
-0.856125
0.701778
-0.56283
-0.648712
0.902834
-0.782585
0.94599
0.0
0
0
0.0
-0.974619
0.564557
0.57909
0.5726
0.723642
-0.931493
0
0.543207
0.0
0
0.0
0.787427
0.0
0
0
0.0
0.97365
0
0.965776
0.999352
0
0.93568
0
0.682596
0.976239
0
-0.86
0
0.747029
0
0.85295
0.972826
0
0.525171
0.996569
-0.893464
-0.95504
-0.907688
0.892886
0.938458
-0.772982
-0.730928
0.916975
0
0
0.346928
0
0
-0.84234
0
-0.882056
-0.910465
-0.647012
0.283556
0
-0.831163
-0.472738
0
0
0.995022
0.909884
0
-0.59025
0
0
0.982764
-0.762417
0.856131
0.790173
0
0.934604
0.514462
0.933543
-0.400738
0.816384
0.0
0.0
0
-0.838053
-0.624914
0
-0.930856
0.0
0.820026
0.62221
0.765056
0.498057
0.979724
0.825666
0.994875
0.934604
0.833699
0.421534
-0.58236
-0.898732
0.0
0
0
-0.479196
0.936523
0
-0.904973
0.909721
0.760828
0
-0.660218
0.984171
0.905256
0
0
-0.599891
0.990576
-0.590584
-0.957445
0.957176
0
-0.907565
0.925324
0
-0.786314
0.736757
0
0
-0.770661
0
0.444405
0.657911
0.785618
0.81553
0
0.832904
0.99108
0.694213
0.92095
0.908805
0
0.65874
0
0.0
0.915816
0
0.967206
0
0.946052
0.83411
0.0
-0.710291
0.390365
0
-0.94664
0.934604
0.937782
0.730332
0.925494
-0.803387
0.0
-0.874119
-0.43448
-0.915429
-0.512183
0
0.533126
0.731298
0
0
0.868218
0.0
0.0
-0.99818
0
0
0.847339
-0.816639
0
0.0
0.622258
0
0.502772
-0.812065
-0.703944
0.588083
0.939449
0.662471
0.29869
0
0
0.54125
0.88562
0
0.954765
0.940688
0.711105
0.856507
0
0.961695
-0.488785
0.823256
0.911088
0
-0.929854
-0.80472
-0.769062
-0.769062
-0.769062
-0.957171
-0.958373
-0.876147
-0.902587
-0.902587
-0.902587
-0.974491
-0.242687
-0.698645
0.848194
-0.553142
0
0
0.0
0
0
0
0.944402
-0.817692
0
0.410906
0.64952
0.0
0
0.729107
-0.917917
-0.490412
0.89056
0
0.975751
0
-0.426013
0.723732
0
-0.896952
0
-0.874262
-0.912747
0.542428
-0.675201
-0.892158
-0.568013
-0.562927
0.0
0.832799
-0.542676
0.0
-0.624442
0
0.970512
0.730624
0.916063
-0.641865
0.863235
0.749977
0.889948
0
0
-0.675362
0
0
0.380526
-0.729584
0.700052
0
-0.861019
-0.967067
-0.350987
0
0
0.913826
0.0
0.917164
0.787225
0.0
0.719546
0
0.801453
-0.897609
0.0
-0.818375
-0.330533
0.966697
0.916171
0
0.0
0.961209
0
0.933164
0.840214
0.352539
-0.838528
0.412861
0.0
0
-0.615155
0
0
0
0.253743
0
0.699827
0.0
-0.64454
-0.516123
0.796896
-0.626598
-0.937109
0.769558
0
-0.736371
-0.57067
0.966562
0
0
-0.821128
0
0
-0.363232
0.807178
-0.564821
0
-0.949844
0
0.962453
0
0
0.933292
0.56759
-0.514971
0
0.0
0.878329
0.761401
0.934738
0.654975
0.872777
0
0
0.746792
0.743222
0.985143
0.680434
0.982541
-0.617233
-0.965944
0.701911
0.83321
0.885587
-0.482562
0
-0.84603
-0.441341
0.807612
-0.954752
0.306888
-0.836533
0.679714
0
0.940904
0.853098
0.0
0
0.941739
0
0.905345
0.980868
0
-0.71317
0.790656
0.913272
0.993
0.337156
0
0.0
0.75492
0.492337
0
0
0
0
0.701183
0
0.578262
0.640631
0
-0.368183
0
0
0
-0.865418
0.494175
0.279074
-0.71949
0.733225
0
-0.881771
-0.695965
-0.724189
0
0.987455
0.432301
0.0
0
0.0
0.601624
0.673241
0.944576
0.706531
0
0.8287
0
0
0
0.745119
0
0.766853
0
0.793996
-0.978311
-0.529845
0
0
0
-0.934164
-0.864444
-0.91484
0.0
0
0.0
0.622313
0.984991
0.966392
-0.942861
-0.764379
0.960783
0.274715
0.970247
0
0.395922
0.894697
-0.815667
0.883579
0.485502
0.834126
0
-0.975805
-0.304711
-0.818711
0
-0.613263
0
0.754468
-0.588627
0.485324
0
-0.937227
0.0
0.997043
0
0.958908
0.0
0.931685
-0.835363
0
-0.913382
0.864582
0
0
0
-0.953862
0.595886
0.645361
0
0.547665
0.6825
0.585742
0.905825
0
-0.755152
0
0.867341
0.369009
-0.958056
0.532547
0.263559
0.936826
0.787352
0.0
0.955297
0.849762
0.941094
0.880722
0
0
0
-0.33512
0.99168
-0.877591
0
0.771636
-0.614109
0.986806
0.94742
0
0.980494
-0.899483
0.831577
0
0.902873
0.900341
0.83043
0.758493
0.832561
-0.515683
0.662413
0
0.603145
0
0
0.887117
0
0.875448
0.521574
-0.90666
-0.849859
0
0.728809
0.0
0
0.0
0.400722
-0.959786
0.781009
-0.461388
-0.668889
0
-0.810284
-0.911921
0.80332
0
0.786471
0.954833
0.0
0.0
0.83592
0.961845
-0.632199
0.272615
0.977777
0
-0.446729
0.844869
-0.932574
0.0
0.954875
0.559598
0
0.767725
0
0
0.632712
-0.654273
0.901587
-0.917496
0.0
0
0
0.52675
0.0
0
0
0.80643
-0.333742
-0.812558
0.99567
-0.951564
-0.727536
0
-0.712792
0.921244
0.664812
0
0
0.0
0
0.0
-0.797897
-0.663806
-0.34238
0
0
0.774524
0
0
0.957643
0.0
0.683416
0.965299
0
0
0.841834
0.501611
0.978675
0.872492
-0.382651
0
0.517159
0
-0.780455
0
-0.739239
0.969706
-0.779874
0
0
0
0.0
0.0
0
0
0
0.931641
0
0
0.941661
0
-0.798984
0.544352
0.584264
-0.683505
0
-0.934831
0.937685
-0.706355
0
0
0.0
0
-0.974485
0.976649
0.0
0
0
0.986762
0
-0.64044
-0.769231
0.986082
0
0.64597
0.26956
0.939616
0.0
0.852158
-0.219021
0
0
0.0
-0.856819
0
0
0.0
-0.668989
0.607885
0.328716
0
0
-0.92967
-0.866047
0.641315
-0.591194
0.742121
0.934604
-0.84636
0.996564
0
-0.867414
-0.754185
0.989171
0.999243
0
0
0.50087
0.827015
-0.936716
0.826682
-0.413521
0
0
0.603307
0.67693
-0.890174
0.959404
0.883725
0.406201
0.980577
0.98477
0.922467
0
0
0.738863
0
0
0.832766
-0.710919
0.321943
0
0.986218
0.0
-0.874713
0.858343
0.9828
0
0.0
0.0
0.774776
0.99329
0.972636
0.771556
-0.627296
0.988221
0.992044
0.556744
0.955339
0
0.877315
-0.58699
0.586711
0
0
0
0.0
0
0.784069
-0.974791
0.968603
0
0
0
-0.729748
0
0.715559
0.912078
0
-0.491276
-0.892702
0.589782
0.630711
-0.536241
0
0.960488
0.466084
0.848829
-0.783405
0.790101
-0.451695
-0.640315
-0.92969
0
-0.749102
0
0.0
0.979658
0.974798
0
-0.417805
0.775481
0
0
0.47436
0
0
0
-0.985677
0
0.802978
0
0.0
0.0
0.867545
-0.535395
0
0.90221
0
-0.471736
0
-0.852653
0.604234
0
-0.87112
0
0
0.545463
0
0.810979
0.916893
0
0.0
-0.957378
0.954043
-0.776634
0.845715
0.973133
0
-0.568241
0.940509
0.0
0.458361
0.637008
0
0
-0.638426
0.973413
0
-0.643456
-0.322953
-0.602873
0.912025
0.84624
0.0
0.728809
0.726156
0.915862
0
0.884422
0.99326
0.926777
0
0.958854
0.948961
0.970171
0.970171
0.970171
0.958854
0.958854
0.866099
-0.835047
0.0
-0.814345
0
0.816639
0
0
0.492953
0.781089
0.753735
0
0
-0.950464
0.993321
0.98298
0
0.95879
0.983771
-0.935199
0.741208
-0.679729
0
-0.72091
0.81522
0.779514
0.703964
0.0
0.0
0
0
0.832427
0
0
0
0.770507
0.706081
-0.751018
0.666506
0
0
-0.473077
0.959893
0
-0.452579
0.645155
0
0
0
-0.464425
-0.741424
0
0.667956
0.943386
0.0
0.0
0.887637
-0.715224
0.97898
0
0.958341
-0.665231
0.733523
0.843792
0
0.927908
-0.324583
0.524124
0.92294
0
0.448725
0
0
-0.488053
-0.684264
0.0
0.0
0.0
0
0.0
0.724504
0.79429
-0.356683
0
0.895393
0
-0.378812
0.711943
-0.902945
-0.659674
0.948935
0.892454
0.886365
-0.566602
0.894903
0.0
0.714336
0.629064
0.875867
0.949396
0
-0.977386
0.979295
0
-0.867981
-0.643215
-0.898654
-0.488773
0.0
0.631054
0.404428
0.717404
0.936191
0.0
-0.978476
0
0.42178
-0.806868
-0.932736
0
0.934779
0.634936
0.3766
0.994282
-0.747856
-0.988456
-0.774074
-0.358551
0.994733
-0.617687
-0.833663
-0.968281
-0.963072
0.963464
0.737422
0.647326
0
0.919209
0.68803
0.931396
0.541323
0
-0.937166
-0.793958
0.67795
0
-0.87642
0
-0.923566
0.263238
-0.858705
-0.751394
-0.522916
0
0
0.878658
0
0
0
0
-0.869815
0
0.979603
0.0
-0.589511
-0.949015
0.258667
0.986063
0
-0.605424
0.710184
0.384152
0.730683
0
0.85688
-0.736407
0.503031
0
0.979816
0.0
0
0.988063
0.829834
0.463539
0.950611
0.873135
0
0
0.0
0.976362
0.977251
-0.819857
-0.813489
0.444683
-0.957919
0
0
0.0
-0.886907
0.983277
0.604752
-0.624521
0
0.833837
0.964656
0.586513
0.949115
0.39565
0.982419
-0.878177
-0.941868
-0.99838
0
0.908269
-0.369476
0.61347
-0.335981
0.601627
-0.803593
-0.407159
0.809567
0
0
0
-0.819302
0
0.648683
0.967293
-0.611011
0
0
0.976618
0
0.941138
0.926725
0.665948
0
-0.928132
-0.918402
0.881032
0
-0.881041
0
0.811816
0.974306
0.77742
0
0
0.58322
0
0.885263
-0.482514
0.0
0.607688
0.0
0.681108
-0.631253
0
0
0.0
0.733855
0
0.971155
0
0
0.633819
0.879855
-0.812183
0
0
0.791238
-0.934474
0
0.0
0.989067
0.832814
0.561414
0.933931
0
0.990593
0
-0.79898
0.571313
0.708962
-0.907501
0.743107
0.903066
0.997817
0.930603
0.940428
0.927668
-0.626606
0.980145
0.869462
0
0.959545
-0.89638
0
0
0.693292
0.844029
0.948181
0.0
0.966664
0
0
-0.991746
0.965212
0
-0.959305
0.882233
0.976249
-0.697665
0.922814
0.413779
-0.88459
0.873086
0.991172
0.953436
0
0
-0.303522
0
0.604003
0.976911
0
-0.78662
0.280383
0
0.941187
0.0
0
0.686563
0.780825
0.682776
0.963501
-0.877409
0
0.812888
0.946609
0
0
0
0
0.845858
-0.996572
-0.99732
-0.958642
-0.958642
-0.958642
-0.981162
-0.946119
-0.960994
-0.757496
-0.757496
-0.934959
-0.946119
0.0
0
-0.944906
0
-0.797455
-0.404389
0.730827
-0.711445
-0.793207
-0.996848
0.0
-0.56509
0.982254
0.0
0.0
0
0.870651
0
0
0
-0.799913
0
0.0
0
-0.983179
0
0.686854
0
0.813031
-0.89326
0
0.883691
0.884622
0
0.865408
0.967769
0
0.640463
0.969698
0
-0.537874
0
-0.829491
-0.858002
-0.83404
-0.946136
0.603503
-0.408575
-0.799946
0
0
0.982005
0.721359
0.880302
0
0.8884
0
0
0
0
0
0
0
-0.476644
0.546767
-0.736485
0.736735
-0.965232
0
0
0.986438
0.0
-0.903153
-0.506786
0
0.922567
0.0
0.941846
0
-0.371368
0
0.853614
0
0.278163
0.0
-0.538597
0.0
0
-0.905035
0.787646
0.0
0.953945
0.914265
-0.834498
0
0.932706
-0.956462
0.982178
0.691066
0.667675
0
0.913439
0.87856
0.429335
0.0
0.74387
0
0.973669
-0.938391
-0.550647
-0.656263
0.611703
0.949518
-0.933303
0.917369
0
0.994373
0
-0.895215
0.926226
0
0.40542
0.0
0.946477
0.0
-0.916835
0.642172
-0.818538
0
-0.773452
-0.494474
0
0.633633
0
0
0
0.811431
-0.458234
0
0.0
0.95281
0.505775
-0.942156
0.984278
0
0
0.871851
-0.476674
0.917649
0.951896
0
0
0.700421
-0.453875
0
-0.816941
0.0
0.0
-0.269053
-0.992375
0.0
0.971431
-0.34914
0.627163
0
0
0.911643
0.978491
-0.951919
-0.921292
-0.546857
0.531428
-0.876611
0.918143
0.988888
-0.891904
0.985093
-0.729508
0.964979
0
-0.383305
0.0
-0.451609
0.91462
0.728884
-0.46255
0.887455
0.943229
-0.606096
0
0.809203
0
0.891511
0.0
0.843868
-0.71306
0
0
0
0.986279
0.600792
0.95764
0.948172
0
0.0
0.99565
0.958638
0
0.945068
0.895759
0
0.914821
0
-0.530196
0
0.703257
0
0.972477
-0.653669
-0.752463
0.940516
0
0.937622
-0.847943
0.981585
0.734377
0.994629
0.676657
0.99551
0.724318
0.972289
0.983924
0.806058
0.97266
0.740326
-0.79028
0
0
0.0
0
0.0
0.875045
-0.841919
0
0
-0.527177
0
-0.333583
-0.874653
0.441693
0.606879
0.954586
0
0
0.353424
-0.685875
0.964024
0.882348
0
0
0.663325
-0.942877
0.984503
0
0
0.545163
-0.816754
0.840836
0.605834
-0.944185
0.0
-0.94848
0.951847
0
0
0.368869
0.0
0
-0.611161
0
-0.416658
-0.747063
0
0
-0.54956
0.919084
0.98919
0.962627
-0.996573
0.873065
0
0.869014
-0.879939
0.96499
0.978355
0.9923
0.971642
0.994859
0
0
0.0
0
0.405514
0.922252
0
0.950704
-0.693159
0.761323
-0.838177
0.950785
-0.931229
0.0
0.60263
0.51674
0
0.857715
0
0
0.756136
0.766579
0.932497
0
0.629381
0.989881
-0.985109
0.929128
-0.865718
-0.992528
-0.932426
0.779201
0
-0.756905
0
-0.928179
-0.660659
0.749238
0
0.0
0.0
0.0
0.0
0.0
0.353691
0
0.896787
0.434945
0
0.0
0.0
-0.36997
0.783387
0.481242
0
0
0
0.845858
0
0
-0.685819
0.935296
-0.699564
0.887544
0
-0.859432
0
0.842844
0.929312
-0.591449
-0.76072
-0.819839
-0.951044
0.878225
0.855692
-0.867486
0.996248
0.0
0
0.968811
0.892757
0.624944
0
0
0
-0.68711
0.645152
0
0.979577
0
0
0.578276
0.602914
0.296244
0
0.964601
-0.865956
0.0
0.540397
0
0.923885
0
0.934604
0.524815
0.679904
-0.818308
0
0
-0.463142
0.0
0
0
0.711479
0.0
-0.922048
-0.924819
-0.827623
-0.822346
0.90029
0.0
0.533461
0
0.977395
0.897407
0.621546
0.965568
0.0
-0.960133
0
0.75505
0
0
0
0
0
-0.670244
-0.84529
0.988379
0
0
0
0.260712
0
0.916089
0.646757
-0.590113
0
-0.438924
0.715927
0.953209
0
0.94792
0.0
0.0
0
0
-0.947051
0
0
0
0.806319
0
0.873664
0.767232
-0.356816
0
0.731595
0
0
-0.518264
0.838833
0.995339
0
0
0
0.555074
0.0
0.929798
0
0
-0.30295
-0.809063
-0.94961
-0.696473
0.371197
-0.879186
0
0.0
0.957067
0
0
-0.628127
-0.900897
-0.789899
0.933854
0.0
-0.696354
-0.713049
0.997375
-0.738482
0.391641
0.0
0.0
0
0.0
0.579324
0.45478
0.990796
0
0
0.895259
0.624358
0.940889
0
-0.322848
0.4475
-0.828439
0.942501
0
0
-0.901995
0.95016
-0.878908
0.280668
0
0.698899
0
0.69408
0
0.984154
0.603325
0
0
0.891736
0.0
0.978059
0.477793
-0.774579
-0.719064
0.985756
-0.906753
-0.926124
0.537401
-0.324376
0
-0.884574
0.523194
0.51796
-0.869749
-0.852669
0
-0.664793
0
-0.804468
0.982365
0
0.816404
-0.956557
0.954832
-0.832323
-0.556719
0
-0.923938
0.829604
-0.900588
0
0
0.744241
0
0.656849
-0.973851
0.614521
-0.52338
-0.270669
0.845668
0.711564
-0.610419
0
0.934604
0.912742
0
-0.279418
0
0
0
-0.906998
-0.582049
0
-0.645507
0.0
-0.93613
0.832865
0.485286
0.945534
0.92393
-0.918152
0
0
0.487021
0
-0.933265
-0.944016
-0.794926
0.934604
0.966139
0
0.901683
0.993301
0
-0.810071
0
0.656971
0.953147
0.888057
0.958776
0
-0.917738
0.917571
-0.598152
0.831993
0.962747
0.708254
0.553889
0
0.392094
-0.372412
-0.929431
0
0
0.562964
0
0
-0.809103
-0.542574
0.335643
0
-0.436351
0
0.36936
0
0.543962
0
-0.791404
0.592273
0.981131
0.855579
0.90781
0.90781
0.90781
0.98895
-0.949712
-0.985455
-0.98122
-0.98122
-0.98122
-0.909264
0.986734
0.338792
0
0
0
0
0.914419
-0.263309
-0.582677
0.795747
0.934734
-0.746188
0.429395
0
-0.682204
0.911567
-0.738226
0.0
-0.588289
0
0.980148
0
0.574944
0
0.967132
-0.701239
0.504609
-0.460976
-0.525993
0
0.949498
0.873656
0.707007
-0.348952
0.658408
0.870494
0.305352
0.663783
0.504784
-0.326445
0.964691
0.927756
0.931164
0.950637
0.595541
0
-0.567694
0.463522
0
0.334142
-0.355786
0
-0.854975
-0.698817
0.978529
-0.900993
-0.606896
0
-0.679937
0
-0.738055
0
0.891473
-0.690568
0.954128
0
0.700793
-0.855981
0
0.805347
0
0.986953
0.0
0.669639
0.954948
0
0.796518
-0.944047
0
-0.939625
0
0.973542
0.690914
0.969245
0.0
0.752957
0
0
0
0.915115
-0.903055
0.0
0
0.870696
0.606866
0
0.71883
-0.524214
0
0
-0.503348
-0.858643
0
-0.482065
0.968963
0.726057
0.625106
0
0.922862
-0.988293
-0.848297
0.973509
-0.46838
0
0.978136
0.0
0.0
0
0.624898
0
0.0
0.0
-0.760792
-0.878136
0.902149
0.7942
0
0.511382
0.90151
0
-0.704623
0.965971
0
0.996538
-0.8676
0.923681
-0.624576
0.3093
0
0.994438
0.887437
-0.797552
0.934604
0.563269
0.967758
0.94168
0
0.998678
-0.619147
0.957786
-0.873067
-0.97636
0.519702
-0.288757
0.97522
0
-0.459681
0.976223
0.987472
0.0
0
0.678306
-0.855364
-0.385453
-0.803265
0.968439
0.584677
-0.733808
0.938435
0.795243
-0.900636
0.590083
0.47684
-0.693823
0.40587
-0.946275
0.705197
0
0
0.509452
-0.920427
0
0.333465
0
0.893086
0.629469
0.931234
0
0.778031
0
0.817085
0
-0.559991
0
0.757401
0
0
0.776003
-0.53924
0.948817
-0.698468
-0.869464
0.0
-0.836113
0
0.89635
-0.971229
0.882268
-0.71891
0.955643
0
-0.898682
0.690914
0
0
0.860562
-0.295514
0.912856
-0.898272
-0.790234
-0.458936
0.967132
-0.77859
-0.840551
0.94636
0
0.859603
-0.868822
0
0.27546
-0.767705
0
0.852464
0
0
0
-0.812795
0
0.288744
-0.813804
-0.424112
-0.262435
0.919763
-0.690976
-0.568798
0
0
0
0.57013
0
0.674134
0.997382
0.693249
0.797197
-0.741781
0.587804
0
-0.851376
-0.907327
0
0.0
-0.895961
-0.872617
-0.581085
0
0.526138
0
-0.962342
0
0
-0.96445
0.86144
-0.912344
0.927029
0.0
0.976396
0.885835
0.953156
0.687855
-0.543073
-0.318811
-0.883684
-0.281698
0
0
-0.665613
0
0
0
-0.912626
0
-0.942917
0
0.292751
0.978997
0
0.361006
0.679833
0.963311
0.998334
0.0
0.408549
-0.808057
0.0
-0.719749
-0.832468
0
0.5434
0.0
-0.611632
0
0
0
0
0
0
0
0.0
0.805213
0.788507
0.805776
0
-0.763042
0
0
0.605793
0.562184
0.766824
0.0
0.771605
0
0.732308
-0.728695
0
