0.8908910155296326
0.5
0.9082990884780884
0.12922918796539307
0.5
0.16004586219787598
0.5
0.7579953074455261
0.5
0.5
0.5
0.8056514263153076
0.5
0.5
0.5
0.5
0.24900776147842407
0.5
0.8681842088699341
0.5
0.5
0.5
0.9274935722351074
0.78419029712677
0.5
0.9415146112442017
0.5
0.003531843423843384
0.7521975636482239
0.5
0.5
0.5
0.83078533411026
0.5
0.5
0.9782086610794067
0.5
0.5
0.5
0.048654645681381226
0.9963603019714355
0.5
0.5
0.9924588203430176
0.9292768239974976
0.5
0.5
0.5
0.5
0.5
0.5
0.8779679536819458
0.26364052295684814
0.5
0.8589357733726501
0.8874213695526123
0.7546576261520386
0.05413743853569031
0.5
0.5
0.5
0.5
0.0486372709274292
0.5
0.20885279774665833
0.5
0.9846915006637573
0.5
0.5
0.5
0.9981098771095276
0.7574350833892822
0.5
0.8209399580955505
0.5
0.5
0.5
0.18018195033073425
0.5
0.7321387529373169
0.19523820281028748
0.5
0.5
0.5
0.5
0.8790068626403809
0.5
0.5
0.5
0.5
0.9820189476013184
0.5
0.5
0.5
0.5
0.9480417370796204
0.5
0.5
0.24668091535568237
0.10776737332344055
0.19476979970932007
0.5
0.7478999495506287
0.5
0.9952784776687622
0.5
0.5
0.5
0.5
0.5
0.5
0.5
0.8609840273857117
0.035380810499191284
0.7780086994171143
0.5
0.5
0.5
0.5
0.8387297987937927
0.8018782734870911
0.5
0.9964902400970459
0.9181777834892273
0.5
0.5
0.5
0.5
0.5
0.929203450679779
0.5
0.5
0.7559871673583984
0.8606541156768799
0.5
0.5
0.5
0.7596439719200134
0.8083944320678711
0.9766731262207031
0.5
0.9311378002166748
0.705173134803772
0.5
0.7744788527488708
0.22934457659721375
0.849526047706604
0.7006639242172241
0.893086850643158
0.5
0.7271277904510498
0.5
0.5
0.12371000647544861
0.5
0.5
0.9772593975067139
0.09753838181495667
0.7419367432594299
0.5
0.5
0.7502684593200684
0.8428955078125
0.9981242418289185
0.5
0.794408917427063
0.8883832693099976
0.5
0.8529165983200073
0.5
0.5
0.5
0.5
0.9252905249595642
0.7503117918968201
0.5
0.5
0.7618589401245117
0.7980799078941345
0.29316872358322144
0.06975722312927246
0.9065810441970825
0.050197869539260864
0.1354171335697174
0.5
0.5
0.5
0.5
0.9446946382522583
0.7843186259269714
0.24462705850601196
0.5
0.22166690230369568
0.8231433033943176
0.5
0.5
0.5
0.5
0.5
0.9369585514068604
0.5
0.5
0.7801434397697449
0.5
0.5
0.5
0.5
0.09910240769386292
0.5
0.8281197547912598
0.5
0.14656612277030945
0.5
0.05913335084915161
0.8552347421646118
0.5
0.9540525674819946
0.5
0.5
0.994610071182251
0.9697955846786499
0.5
0.9283702969551086
0.5
0.11241567134857178
0.5
0.5
0.7759499549865723
0.8943172097206116
0.20483553409576416
0.5
0.5
0.24111786484718323
0.9002165794372559
0.9228957891464233
0.0952799916267395
0.5
0.20135188102722168
0.8259385824203491
0.5
0.5
0.5
0.9751283526420593
0.9538657069206238
0.816299319267273
0.5
0.19224143028259277
0.1824307143688202
0.5
0.5
0.9861515760421753
0.20299255847930908
0.5
0.976325511932373
0.9850156307220459
0.5
0.5
0.5
0.5
0.7432162165641785
0.2043885588645935
0.5
0.5
0.5
0.9774008989334106
0.5
0.5
0.5
0.5
0.8988447189331055
0.12126559019088745
0.8263144493103027
0.921251118183136
0.5
0.07146614789962769
0.5
0.5
0.7880101799964905
0.5
0.8754146099090576
0.5
0.5
0.97841477394104
0.5
0.5
0.5
0.5
0.1675705909729004
0.7349503636360168
0.8049055337905884
0.5
0.8104599714279175
0.8571633696556091
0.8462132215499878
0.9014034867286682
0.1640051007270813
0.8581293225288391
0.5
0.5
0.20796963572502136
0.5
0.5
0.7600142955780029
0.23885148763656616
0.5
0.9019248485565186
0.053964763879776
0.8512179255485535
0.5
0.5
0.5
0.7927815914154053
0.1111886203289032
0.26165929436683655
0.8796351552009583
0.8995800018310547
0.5
0.5
0.5
0.5
0.5
0.28068894147872925
0.5
0.7799906134605408
0.5
0.2042626142501831
0.5
0.767088770866394
0.5
0.5
0.7739050388336182
0.5
0.16876202821731567
0.9417396783828735
0.8867616653442383
0.9229927062988281
0.5
0.5
0.8056495785713196
0.7931013107299805
0.8688554167747498
0.5
0.8419142365455627
0.5
0.8033596277236938
0.18969133496284485
0.5
0.9821178913116455
0.5
0.5
0.5
0.8499121069908142
0.1572723090648651
0.5
0.7537825107574463
0.8506079912185669
0.762334942817688
0.5
0.5
0.2309741973876953
0.1396714150905609
0.5
0.5
0.5
0.7583661079406738
0.9634112119674683
0.7375824451446533
0.5
0.13425803184509277
0.9204339981079102
0.5
0.9823059439659119
0.885322093963623
0.8214398622512817
0.5
0.08533284068107605
0.5
0.7223560810089111
0.5
0.9607677459716797
0.1344815194606781
0.9468342065811157
0.5
0.8188900947570801
0.781148374080658
0.5
0.8097004890441895
0.5
0.7026503086090088
0.5
0.5
0.5
0.5
0.1865731179714203
0.17687800526618958
0.5
0.7328681945800781
0.5
0.7607568502426147
0.5
0.850664496421814
0.9212319850921631
0.03714650869369507
0.5
0.13585138320922852
0.1913822889328003
0.5
0.5
0.8688687086105347
0.5
0.5
0.5
0.9834215641021729
0.5
0.9150432348251343
0.8224761486053467
0.5
0.8400237560272217
0.9721693992614746
0.5
0.1601356565952301
0.24820351600646973
0.5
0.07675331830978394
0.5
0.5
0.7983406782150269
0.9128792881965637
0.5
0.011529862880706787
0.5
0.5
0.5
0.9954225420951843
0.5
0.5
0.5
0.12420186400413513
0.040380269289016724
0.5
0.5
0.7900807857513428
0.8354296088218689
0.9477615356445312
0.8126362562179565
0.9464931488037109
0.7831569910049438
0.750117301940918
0.5
0.5
0.5
0.9209339618682861
0.5
0.054313063621520996
0.8691886067390442
0.21585547924041748
0.24566325545310974
0.5
0.5
0.0004622042179107666
0.5
0.9660821557044983
0.5
0.7606427669525146
0.5
0.5
0.5
0.5
0.5
0.5
0.5
0.5
0.8009774684906006
0.9504119157791138
0.9120396375656128
0.5
0.5
0.5
0.7437505125999451
0.06271147727966309
0.5
0.5
0.7575539350509644
0.5
0.5
0.8355910181999207
0.5
0.9624135494232178
0.5
0.15246590971946716
0.5
0.5
0.2304956316947937
0.23351117968559265
0.8544479012489319
0.9110621213912964
0.5
0.7318567037582397
0.7799906134605408
0.5
0.5
0.5
0.5
0.17806950211524963
0.5
0.970166802406311
0.5
0.21298468112945557
0.5
0.8033249378204346
0.5
0.5
0.7907397747039795
0.9458478689193726
0.13383233547210693
0.5
0.5
0.5
0.08903899788856506
0.5
0.9692350625991821
0.058148086071014404
0.5
0.5
0.20721688866615295
0.7928680181503296
0.15144285559654236
0.5
0.9257571697235107
0.5
0.7966446876525879
0.5
0.951462984085083
0.5
0.5
0.8297135829925537
0.5
0.5
0.5
0.5
0.9987478852272034
0.7196364402770996
0.986954391002655
0.5
0.5
0.5
0.5
0.5
0.8751324415206909
0.5
0.5
0.9773659706115723
0.5
0.8875539898872375
0.5
0.5
0.5
0.23446717858314514
0.5
0.5
0.5
0.9677639007568359
0.5
0.7894843816757202
0.5
0.5
0.5
0.5
0.1561775505542755
0.9194725751876831
0.5
0.20286139845848083
0.9970719814300537
0.9891244173049927
0.24797320365905762
0.5
0.5
0.5
0.15770244598388672
0.14771202206611633
0.5
0.5
0.5
0.9012464284896851
0.5
0.7368163466453552
0.5
0.9727483987808228
0.9622960090637207
0.9355320930480957
0.5
0.5
0.9702641367912292
0.5
0.5
0.5
0.048859626054763794
0.5
0.8532766699790955
0.5
0.5
0.0578385591506958
0.5
0.8314259052276611
0.8878706693649292
0.8659809231758118
0.8176021575927734
0.08394861221313477
0.16256991028785706
0.9908571243286133
0.9657102823257446
0.5
0.21794140338897705
0.5
0.8945589065551758
0.8707246780395508
0.5
0.9755806922912598
0.5
0.5
0.5
0.7569937705993652
0.8046001195907593
0.9964088201522827
0.7922670841217041
0.5
0.863663911819458
0.5
0.991018533706665
0.5
0.8429104089736938
0.8510488271713257
0.9921308755874634
0.5
0.5
0.8020321130752563
0.9710819721221924
0.15401721000671387
0.9879021644592285
0.902019739151001
0.5
0.5
0.9202169179916382
0.9104896783828735
0.13230562210083008
0.5
0.5
0.5
0.9062198400497437
0.5
0.5
0.5
0.8357541561126709
0.5
0.993999719619751
0.2431826889514923
0.2284834086894989
0.5
0.8775705099105835
0.8249921798706055
0.783151388168335
0.5
0.5
0.5
0.9329280257225037
0.9283092021942139
0.5
0.8714869618415833
0.014002799987792969
0.5
0.8615244030952454
0.5
0.8670502305030823
0.7751783132553101
0.5
0.5
0.9298866987228394
0.9993798732757568
0.5
0.5
0.2489607036113739
0.977845311164856
0.5
0.5
0.9488445520401001
0.9104774594306946
0.5
0.8083820343017578
0.9996731281280518
0.5
0.5
0.5
0.8957223892211914
0.9858009219169617
0.7355340719223022
0.5
0.5
0.2784181833267212
0.8552886247634888
0.5
0.5
0.024791598320007324
0.5
0.13895127177238464
0.5
0.5
0.5
0.11833062767982483
0.9071741104125977
0.5
0.9110149145126343
0.5
0.5
0.5
0.8729464411735535
0.20453357696533203
0.28722524642944336
0.5
0.19542676210403442
0.5
0.5
0.11186742782592773
0.7828495502471924
0.5
0.5
0.5
0.07708430290222168
0.2513570189476013
0.8180346488952637
0.5
0.5
0.2535666823387146
0.5
0.1685883104801178
0.7956717014312744
0.5
0.06587722897529602
0.1749485731124878
0.5
0.9656703472137451
0.5
0.5
0.9862438440322876
0.8802950382232666
0.5
0.9652166366577148
0.912264347076416
0.8636524677276611
0.5
0.7903323173522949
0.9801247119903564
0.5
0.5
0.12200647592544556
0.8261781930923462
0.5
0.5
0.8822935819625854
0.9991100430488586
0.8428955078125
0.5
0.5
0.9686026573181152
0.5
0.912147581577301
0.5
0.5
0.5
0.5
0.5
0.8142815828323364
0.7986557483673096
0.5
0.2939976751804352
0.5
0.5
0.5
0.5
0.5
0.7294166088104248
0.23602238297462463
0.8593814373016357
0.9019802808761597
0.5
0.7647578716278076
0.17091584205627441
0.5
0.7973232865333557
0.5
0.5
0.5
0.5
0.8115982413291931
0.5
0.7306294441223145
0.686453640460968
0.5
0.5
0.5
0.9968535304069519
0.8390048742294312
0.2059345245361328
0.9196383357048035
0.7901046276092529
0.5
0.5
0.5
0.2183435559272766
0.8684802651405334
0.5
0.8455878496170044
0.5
0.9352150559425354
0.9386717677116394
0.8887078762054443
0.2130511999130249
0.8395870923995972
0.9103680849075317
0.5
0.5
0.5
0.5
0.779417872428894
0.5
0.8653708696365356
0.5
0.5
0.2360418140888214
0.5
0.5
0.8543094992637634
0.5
0.5
0.5
0.19681784510612488
0.5
0.24135622382164001
0.9350432753562927
0.04259008169174194
0.5
0.5
0.9337905645370483
0.5
0.15404090285301208
0.5
0.5
0.7812447547912598
0.9827401041984558
0.5
0.5
0.7873820066452026
0.9243656992912292
0.5
0.04431557655334473
0.5
0.5
0.9681908488273621
0.8130224943161011
0.5
0.5
0.9991787672042847
0.5
0.8282456398010254
0.9773441553115845
0.5
0.7952489256858826
0.9981004595756531
0.5
0.5
0.5
0.5
0.8506590723991394
0.5
0.933815598487854
0.819506049156189
0.5
0.5
0.5
0.2964208126068115
0.5
0.5
0.9662520885467529
0.8496373891830444
0.7715176343917847
0.8465290069580078
0.5
0.9099552631378174
0.5
0.5
0.13287034630775452
0.1727427840232849
0.9475762844085693
0.8515323996543884
0.8493506908416748
0.5
0.8265728950500488
0.05433148145675659
0.8976320028305054
0.5
0.9507161378860474
0.8645617961883545
0.9329367876052856
0.5
0.5
0.5
0.17594850063323975
0.5
0.24954840540885925
0.9271743893623352
0.5
0.5
0.5
0.9150881171226501
0.5
0.5
0.902898371219635
0.11014813184738159
0.5
0.5
0.20723235607147217
0.09061694145202637
0.7466591596603394
0.5
0.8641396164894104
0.5
0.5
0.5
0.06216731667518616
0.5
0.9252768754959106
0.5
0.5
0.5
0.5
0.5
0.5
0.8562657237052917
0.5
0.8339270949363708
0.8497874140739441
0.1317700445652008
0.0551932156085968
0.5
0.17371270060539246
0.7361441850662231
0.18820315599441528
0.5
0.18774130940437317
0.942306399345398
0.5
0.5
0.8488239049911499
0.8803445100784302
0.7725775241851807
0.9860002994537354
0.5
0.5
0.2002701759338379
0.5
0.5
0.5
0.5
0.5
0.5
0.5
0.7912641763687134
0.5
0.5
0.5
0.5
0.04711109399795532
0.5
0.8852614164352417
0.8114738464355469
0.9964612126350403
0.9324530363082886
0.5
0.5
0.04732218384742737
0.13217279314994812
0.7564745545387268
0.773916482925415
0.7363936901092529
0.5
0.5
0.5
0.882433295249939
0.9999033212661743
0.5
0.5
0.5
0.9853837490081787
0.5
0.5
0.9987167716026306
0.985177755355835
0.18202894926071167
0.11484014987945557
0.7799906134605408
0.5
0.5
0.5
0.9170929193496704
0.5
0.8705623149871826
0.5
0.7214284539222717
0.7902035713195801
0.776437520980835
0.5
0.8764461278915405
0.5
0.5
0.737048327922821
0.5
0.936481773853302
0.5
0.252019464969635
0.7975634932518005
0.5
0.10372322797775269
0.5
0.5
0.5
0.14784321188926697
0.7823534607887268
0.87081378698349
0.5
0.5
0.5
0.5
0.5
0.011556863784790039
0.5
0.802814245223999
0.9795221090316772
0.5
0.5
0.09752455353736877
0.5
0.5
0.850231409072876
0.5
0.2892796993255615
0.7805674076080322
0.5
0.5
0.8298203945159912
0.12820115685462952
0.2402096390724182
0.5
0.5
0.22836557030677795
0.5
0.5
0.7775802612304688
0.5
0.8660826683044434
0.5
0.26878175139427185
0.5
0.5
0.9238713383674622
0.8444369435310364
0.5
0.5
0.5
0.9461063146591187
0.5
0.7770960330963135
0.5
0.8956619501113892
0.8050562143325806
0.5
0.18375465273857117
0.5
0.9195016622543335
0.5
0.8781322240829468
0.9477840662002563
0.06695649027824402
0.7749898433685303
0.8958287835121155
0.966650664806366
0.5
0.5
0.5
0.8072570562362671
0.8052352666854858
0.5
0.7844113111495972
0.5
0.766190767288208
0.5
0.9118626117706299
0.5
0.007574856281280518
0.5
0.7912417054176331
0.9538599252700806
0.5
0.06075948476791382
0.5
0.5
0.9441559314727783
0.5
0.2247154414653778
0.5
0.9400482177734375
0.934860348701477
0.7559143304824829
0.5
0.835969090461731
0.5
0.7495119571685791
0.14132818579673767
0.9896508455276489
0.5
0.9037895202636719
0.25510233640670776
0.9561097621917725
0.5
0.31529057025909424
0.5
0.5
0.13693025708198547
0.5
0.9552638530731201
0.8690081834793091
0.5
0.9548495411872864
0.5
0.5
0.8679176568984985
0.9319254159927368
0.5
0.22525975108146667
0.843140721321106
0.5
0.5
0.8999348878860474
0.9999731779098511
0.18458965420722961
0.9535794258117676
0.5
0.15705657005310059
0.8320054411888123
0.5
0.5
0.6976536512374878
0.5
0.5
0.5
0.5
0.5
0.5
0.9350910186767578
0.08859500288963318
0.766318678855896
0.8197715282440186
0.5
0.9838724732398987
0.04175221920013428
0.5
0.5
0.5
0.5
0.5
0.23127344250679016
0.8935312628746033
0.5
0.5
0.5
0.8028110265731812
0.14234495162963867
0.5
0.5
0.9827446937561035
0.2417214810848236
0.9101027250289917
0.5
0.7410725951194763
0.5
0.9800959825515747
0.5
0.5
0.5
0.5
0.5
0.5
0.5
0.14143618941307068
0.5
0.5
0.8223522901535034
0.993539571762085
0.5
0.8936946988105774
0.5
0.8229247331619263
0.5
0.5
0.7146523594856262
0.5
0.09534221887588501
0.5
0.12644657492637634
0.5
0.5
0.8234257698059082
0.75879967212677
0.5
0.5
0.11126106977462769
0.5
0.2517373561859131
0.5
0.5
0.5
0.0420093834400177
0.5
0.9405579566955566
0.9495222568511963
0.5
0.5
0.8265122175216675
0.5
0.5
0.8491246700286865
0.5
0.7843345403671265
0.5
0.5
0.7570978403091431
0.17373207211494446
0.9611136317253113
0.8438764810562134
0.5
0.5
0.7789225578308105
0.5
0.5
0.5
0.921220600605011
0.5
0.5
0.08706989884376526
0.6966731548309326
0.5
0.9773526191711426
0.5
0.9394823312759399
0.24381336569786072
0.5
0.89189612865448
0.8625794053077698
0.7999535202980042
0.5
0.5
0.9965292811393738
0.5
0.5
0.5
0.7350221276283264
0.9545778036117554
0.23472750186920166
0.5
0.946009635925293
0.8467899560928345
0.11979356408119202
0.5
0.5
0.9174471497535706
0.16537070274353027
0.15433314442634583
0.06022006273269653
0.991945743560791
0.5
0.5
0.5
0.5
0.5
0.940593957901001
0.8004009127616882
0.2600736916065216
0.8524942994117737
0.5
0.5
0.8629692792892456
0.9485053420066833
0.5
0.03593912720680237
0.5
0.7631347179412842
0.18723651766777039
0.5
0.961917519569397
0.5
0.8098629713058472
0.11813241243362427
0.9222168922424316
0.5
0.7633523941040039
0.5
0.7562993764877319
0.9692696928977966
0.5
0.5
0.2452477216720581
0.8906422853469849
0.5
0.8754184246063232
0.5
0.23924773931503296
0.2061493992805481
0.896635115146637
0.9312272071838379
0.5
0.5
0.9599698185920715
0.2150631844997406
0.1856866478919983
0.7510820031166077
0.9487154483795166
0.5
0.13932067155838013
0.5
0.9637547731399536
0.31220853328704834
0.5
0.5
0.7478005886077881
0.90632164478302
0.7699991464614868
0.26727673411369324
0.5
0.8595393896102905
0.5
0.5
0.5
0.5
0.5
0.9096381664276123
0.7329081296920776
0.7491650581359863
0.9363460540771484
0.21662965416908264
0.938241720199585
0.5
0.5
0.9663317799568176
0.5
0.5
0.5
0.907750129699707
0.5
0.5
0.7870266437530518
0.7967549562454224
0.5
0.5
0.5
0.5
0.5
0.5
0.5
0.5
0.5
0.21878260374069214
0.17255038022994995
0.8919912576675415
0.8765063881874084
0.5
0.15729448199272156
0.8066999316215515
0.5
0.8785822987556458
0.5
0.5
0.8749943375587463
0.1926138699054718
0.5
0.2740596532821655
0.5
0.5
0.5
0.890904426574707
0.18094706535339355
0.7991334199905396
0.03883954882621765
0.24460634589195251
0.5
0.5
0.21860983967781067
0.2263621985912323
0.5
0.9602029323577881
0.5
0.5
0.8523663282394409
0.9574238061904907
0.5
0.5
0.9930425882339478
0.5
0.5
0.21313267946243286
0.5
0.5
0.5
0.8576699495315552
0.7966268062591553
0.2472304105758667
0.5
0.12138590216636658
0.8707033395767212
0.5
0.5
0.9141368865966797
0.22388043999671936
0.8781285285949707
0.9997892379760742
0.5
0.21951991319656372
0.7774060964584351
0.5
0.5
0.9221915006637573
0.5
0.5
0.9940599799156189
0.5
0.8644102811813354
0.5
0.5
0.9933900833129883
0.2567448616027832
0.5
0.9556593894958496
0.9842624664306641
0.5
0.5
0.5
0.7757740020751953
0.7518935203552246
0.5
0.5
0.5
0.5
0.5
0.9605683088302612
0.5
0.5
0.5
0.7297890782356262
0.5
0.2842981219291687
0.13515695929527283
0.5
0.9393625259399414
0.18358522653579712
0.28191614151000977
0.5
0.7639341354370117
0.5
0.9586763381958008
0.5
0.8903350234031677
0.5
0.8911323547363281
0.05766528844833374
0.8507587909698486
0.16180989146232605
0.5
0.7029573917388916
0.14439314603805542
0.1393224000930786
0.5
0.11592733860015869
0.5
0.5
0.5
0.5
0.5
0.9742571711540222
0.8936859369277954
0.23803243041038513
0.5
0.5
0.5
0.5
0.21323779225349426
0.9416345357894897
0.5
0.5
0.8893283605575562
0.716349720954895
0.5
0.5
0.9197281002998352
0.5
0.5
0.9561868906021118
0.5
0.9915324449539185
0.7357798218727112
0.9168394804000854
0.04780086874961853
0.5
0.5
0.8224323987960815
0.5
0.7980342507362366
0.7912735939025879
0.5
0.771814227104187
0.9190673828125
0.9862849116325378
0.5
0.9526930451393127
0.5
0.23482811450958252
0.5
0.9932448863983154
0.5
0.5
0.5
0.9368477463722229
0.9849298000335693
0.5
0.5
0.2005552351474762
0.5
0.5
0.7040835618972778
0.22470873594284058
0.5
0.5
0.17591464519500732
0.7504950165748596
0.19995269179344177
0.9857848882675171
0.11498922109603882
0.5
0.9989811182022095
0.9277026057243347
0.7725521922111511
0.19236311316490173
0.5
0.5
0.5
0.7864171266555786
0.9929472208023071
0.8008984923362732
0.5
0.8878483772277832
0.5
0.5
0.5
0.5
0.780391275882721
0.5
0.5
0.9441803693771362
0.5
0.8651719093322754
0.5
0.12993788719177246
0.5
0.5
0.5
0.8160263299942017
0.19631463289260864
0.7381097078323364
0.5
0.8525241017341614
0.5
0.8273683190345764
0.5
0.9613980054855347
0.5
0.9709824919700623
0.5
0.5
0.5
0.5
0.5
0.14054155349731445
0.2246963083744049
0.9249611496925354
0.9492182731628418
0.9290505051612854
0.5
0.5
0.9918563365936279
0.5
0.5
0.8817943334579468
0.27311456203460693
0.19196370244026184
0.9074012041091919
0.5
0.5
0.5
0.1994268000125885
0.8488179445266724
0.9334152936935425
0.9491618871688843
0.16626772284507751
0.5
0.02321726083755493
0.5
0.5
0.5
0.5
0.5
0.5
0.5
0.5
0.5
0.5
0.5
0.9703195095062256
0.8782313466072083
0.5
0.5
0.5
0.5
0.7915849685668945
0.958824872970581
0.5
0.5
0.9553226232528687
0.7796025276184082
0.5
0.5
0.7653669118881226
0.8653264045715332
0.5
0.5
0.5
0.5
0.10447904467582703
0.5
0.7410321831703186
0.5
0.5
0.2352028489112854
0.5
0.5
0.9613751173019409
0.09712249040603638
0.5
0.5
0.5
0.5
0.14778783917427063
0.5
0.7999336123466492
0.5
0.9302101135253906
0.229037344455719
0.8131294250488281
0.9780559539794922
0.5
0.5
0.09438556432723999
0.5
0.5
0.5
0.769218385219574
0.8814455270767212
0.17688527703285217
0.8733762502670288
0.5
0.5
0.998619794845581
0.5
0.5
0.5
0.6836907863616943
0.5
0.5
0.5
0.1950930655002594
0.2730486989021301
0.2695581912994385
0.7632482051849365
0.8056124448776245
0.5
0.1821998655796051
0.5
0.29808279871940613
0.8560013175010681
0.5
0.27248311042785645
0.5
0.08878299593925476
0.9449324607849121
0.9114388227462769
0.09732043743133545
0.9209633469581604
0.5
0.5
0.058150023221969604
0.5
0.5
0.5
0.5
0.9817692041397095
0.5
0.8532342910766602
0.5
0.5
0.12069475650787354
0.7131863832473755
0.8458797931671143
0.1456955075263977
0.875076413154602
0.5
0.5
0.9416742920875549
0.5
0.5
0.5
0.0841803252696991
0.9883885383605957
0.9802897572517395
0.9492597579956055
0.5
0.8755760192871094
0.5
0.5
0.5
0.7953518033027649
0.7082526683807373
0.05702313780784607
0.5
0.7847316861152649
0.5
0.5
0.5
0.5
0.5
0.7330665588378906
0.5
0.12443801760673523
0.1426084041595459
0.5
0.8550379276275635
0.5
0.5
0.5
0.5
0.9206728935241699
0.5
0.21410587430000305
0.5
0.13457465171813965
0.945558488368988
0.7814714908599854
0.5
0.7421426773071289
0.5
0.8816066980361938
0.7666929364204407
0.9376358985900879
0.9759889841079712
0.5
0.5
0.5
0.5
0.5
0.5
0.5
0.6913896203041077
0.9656738042831421
0.5
0.2373766303062439
0.5
0.5
0.5
0.5
0.07500368356704712
0.5
0.22338199615478516
0.5
0.17793425917625427
0.5
0.5
0.5
0.8881458044052124
0.5
0.5
0.026393234729766846
0.8807647824287415
0.28898847103118896
0.5
0.10855221748352051
0.5
0.5
0.5
0.9919418096542358
0.5
0.5
0.5
0.5
0.5
0.5
0.5
0.5
0.008970320224761963
0.5
0.10473024845123291
0.8710739612579346
0.7599589228630066
0.5
0.2510267496109009
0.1924072504043579
0.20625120401382446
0.5
0.5
0.5
0.23310399055480957
0.5
0.9062694311141968
0.5
0.8399263024330139
0.8422763347625732
0.5
0.9572947025299072
0.8153917789459229
0.14661946892738342
0.5
0.5
0.8086429238319397
0.16981399059295654
0.5
0.8444096446037292
0.5
0.9424901008605957
0.8649967908859253
0.5
0.21021899580955505
0.8943835496902466
0.5
0.1815558671951294
0.8974503874778748
0.7650495767593384
0.78012615442276
0.5
0.9947450160980225
0.8302094340324402
0.20250225067138672
0.919016420841217
0.5
0.5
0.7221044301986694
0.12276500463485718
0.5
0.5
0.5
0.8900356292724609
0.5
0.5
0.9639620780944824
0.5
0.022780537605285645
0.7546948194503784
0.7764924168586731
0.9691017866134644
0.9316356182098389
0.9711054563522339
0.5
0.5
0.5
0.7269050478935242
0.5
0.5
0.5
0.5
0.5
0.7606526613235474
0.8737509250640869
0.5
0.7540429830551147
0.5
0.9800959825515747
0.5
0.5
0.9801427125930786
0.7480562925338745
0.9479972124099731
0.5
0.5
0.8892381191253662
0.5
0.18863314390182495
0.5
0.5
0.5
0.8482568264007568
0.5
0.5
0.5
0.5
0.9305068254470825
0.08148747682571411
0.5
0.5
0.5
0.5
0.17070114612579346
0.93855220079422
0.055883556604385376
0.8443825840950012
0.9789775609970093
0.5
0.9079979062080383
0.7265650033950806
0.5
0.9885435104370117
0.5
0.5
0.5
0.5
0.8726212382316589
0.03292611241340637
0.5
0.5
0.5
0.10855221748352051
0.9662473201751709
0.8247215151786804
0.5
0.5
0.5
0.5
0.5
0.7954519987106323
0.15855374932289124
0.9649791717529297
0.5
0.5
0.9592355489730835
0.5
0.8700968623161316
0.7692093849182129
0.26543599367141724
0.24156343936920166
0.9965078830718994
0.9488410949707031
0.8650276064872742
0.5
0.8025679588317871
0.7589511871337891
0.7952781915664673
0.5
0.5
0.9482805728912354
0.5
0.5
0.9073934555053711
0.5
0.5
0.800646185874939
0.10564127564430237
0.5
0.8862262964248657
0.5
0.16134044528007507
0.5
0.5
0.9719630479812622
0.5
0.5
0.9662488698959351
0.8562027215957642
0.8319825530052185
0.8992761373519897
0.5
0.5
0.5
0.5
0.5
0.9414002895355225
0.5
0.9432560205459595
0.5
0.852570652961731
0.9604772925376892
0.24547410011291504
0.5
0.9647344946861267
0.5
0.06750133633613586
0.9414198994636536
0.5
0.5
0.7919190526008606
0.5
0.09114006161689758
0.7573531866073608
0.5
0.5
0.7844368815422058
0.8467569351196289
0.8104153871536255
0.5
0.6985372304916382
0.96043461561203
0.5
0.9677695035934448
0.2804200053215027
0.5
0.5
0.9732253551483154
0.002944737672805786
0.5
0.5
0.5
0.5
0.9878478646278381
0.5
0.9219054579734802
0.17678767442703247
0.5
0.5
0.5
0.5
0.058034658432006836
0.5
0.5
0.23320084810256958
0.1776857078075409
0.9996520280838013
0.20355692505836487
0.5
0.943321943283081
0.9770375490188599
0.8071057796478271
0.8783116340637207
0.5
0.5
0.8490382432937622
0.9592770338058472
0.5
0.7200944423675537
0.5
0.5
0.9120253324508667
0.2467767596244812
0.14482417702674866
0.8512847423553467
0.5
0.5
0.7653145790100098
0.5
0.8002656102180481
0.9790679216384888
0.7845234274864197
0.5
0.8950899839401245
0.5
0.5
0.9928122758865356
0.9886091947555542
0.5
0.749226450920105
0.5
0.5
0.5
0.9268811941146851
0.5
0.5
0.9193353056907654
0.5
0.5
0.5
0.8661536574363708
0.5
0.5
0.5
0.5
0.5
0.5
0.5
0.14980199933052063
0.5
0.8103136420249939
0.5
0.5
0.9902493357658386
0.5
0.5
0.7326074242591858
0.8882572650909424
0.5
0.8295162320137024
0.5
0.7973206639289856
0.8623857498168945
0.9246159791946411
0.808564305305481
0.8740821480751038
0.9515531063079834
0.994523286819458
0.7801963090896606
0.5
0.9825547933578491
0.11790591478347778
0.8131495714187622
0.9930485486984253
0.7633914947509766
0.5
0.8725349307060242
0.5
0.7337459325790405
0.3027513027191162
0.7691482901573181
0.5
0.9970110654830933
0.05814322829246521
0.17194914817810059
0.5
0.5
0.5
0.8731551170349121
0.5
0.8672459125518799
0.5
0.5
0.5
0.9995448589324951
0.8861541748046875
0.2276972234249115
0.24189940094947815
0.14059501886367798
0.5
0.5
0.8117239475250244
0.5
0.5
0.9073613882064819
0.5
0.9087753295898438
0.9945506453514099
0.9839340448379517
0.8632456064224243
0.8333413600921631
0.9478947520256042
0.9354644417762756
0.5
0.019051939249038696
0.5
0.9300355911254883
0.9691612124443054
0.9934831857681274
0.5
0.5
0.5
0.11647728085517883
0.5
0.9490795135498047
0.9894841909408569
0.5
0.020134836435317993
0.5
0.5
0.9085894823074341
0.9294472336769104
0.5
0.5
0.1856858730316162
0.5
0.7338787317276001
0.8750751614570618
0.9153153896331787
0.5
0.059259384870529175
0.5
0.9270066022872925
0.8580300211906433
0.5
0.5
0.5
0.14439314603805542
0.04178518056869507
0.04790544509887695
0.5
0.7888475656509399
0.5
0.22620463371276855
0.942306399345398
0.9074481725692749
0.9935966730117798
0.5
0.5
0.5
0.25746238231658936
0.5
0.7939053773880005
0.5
0.903915524482727
0.7308887243270874
0.5
0.8902773857116699
0.08499997854232788
0.5
0.5
0.96653151512146
0.8849296569824219
0.960491955280304
0.8146936893463135
0.5
0.5
0.11643916368484497
0.5
0.8576691150665283
0.5
0.5
0.5
0.5
0.5
0.5
0.5
0.9113255739212036
0.901159405708313
0.23469746112823486
0.9961627125740051
0.2093416452407837
0.982082724571228
0.11575403809547424
0.5
0.8050289154052734
0.5
0.763369083404541
0.8074432015419006
0.004328608512878418
0.9690405130386353
0.5
0.5
0.26806485652923584
0.5
0.2582120895385742
0.5
0.5
0.2815295159816742
0.922332763671875
0.8548641800880432
0.19845956563949585
0.5
0.7561021447181702
0.7983965873718262
0.793423056602478
0.5
0.8547712564468384
0.5
0.8727974891662598
0.5
0.842868447303772
0.9306597113609314
0.5
0.5
0.5
0.24534296989440918
0.5
0.9995341300964355
0.5
0.5
0.5
0.9466588497161865
0.5
0.8314807415008545
0.8743239641189575
0.8972944617271423
0.5
0.5
0.5
0.998225212097168
0.5
0.04009094834327698
0.5
0.18221566081047058
0.5
0.5
0.5
0.5
0.5
0.5
0.987826943397522
0.5
0.5
0.5
0.5
0.9943050146102905
0.8939380049705505
0.5
0.8164339661598206
0.5
0.7860222458839417
0.5
0.5
0.28013885021209717
0.5
0.5
0.5
0.5
0.19184356927871704
0.5
0.5
0.959932804107666
0.8496761322021484
0.8606123328208923
0.5
0.5
0.5
0.5
0.5
0.5
0.5
0.913662314414978
0.15747365355491638
0.5
0.9473052024841309
0.5
0.5
0.9944325685501099
0.09988322854042053
0.5
0.5
0.8294312953948975
0.5
0.8419469594955444
0.9782031178474426
0.5
0.5
0.968227744102478
0.5
0.5
0.9903292655944824
0.8223975896835327
0.995105504989624
0.26931264996528625
0.5
0.7860167026519775
0.5
0.5
0.8108997941017151
0.24444875121116638
0.9244310855865479
0.5
0.5
0.5
0.10830956697463989
0.5
0.24269598722457886
0.5
0.942668616771698
0.9272892475128174
0.5
0.9130775928497314
0.06551310420036316
0.5
0.18383526802062988
0.5
0.24095970392227173
0.9988756775856018
0.850150465965271
0.5
0.5
0.5
0.7205997109413147
0.5
0.5
0.5
0.5
0.971210241317749
0.006883889436721802
0.9960627555847168
0.5
0.5
0.5
0.17485246062278748
0.8704301118850708
0.24939292669296265
0.7397196888923645
0.5
0.5
0.5
0.5
0.8576929569244385
0.16107919812202454
0.5
0.24808204174041748
0.5
0.9433689117431641
0.5
0.5
0.5
0.5
0.8242979645729065
0.832766056060791
0.5
0.5
0.9694153070449829
0.5
0.5
0.5
0.5
0.9696768522262573
0.23236095905303955
0.24539846181869507
0.8650861978530884
0.5
0.5
0.5
0.5
0.5
0.5
0.9610307216644287
0.7554701566696167
0.5
0.5
0.8412251472473145
0.5
0.8102915287017822
0.6872307062149048
0.5
0.5
0.5
0.7966799736022949
0.5
0.5
0.9732889533042908
0.5
0.9287697076797485
0.5
0.5
0.5
0.9770923852920532
0.7577296495437622
0.5
0.5
0.5
0.9428098201751709
0.5
0.785819411277771
0.7339253425598145
0.9494987726211548
0.5
0.5
0.9645938873291016
0.5
0.1639704704284668
0.5
0.10660308599472046
0.8472355604171753
0.5
0.5
0.8584280014038086
0.5
0.7285565733909607
0.5
0.5
0.9695867300033569
0.5
0.5
0.5
0.5
0.9066063761711121
0.8790817260742188
0.5
0.8527933359146118
0.5
0.12636104226112366
0.9985582828521729
0.1990348994731903
0.8875284790992737
0.9576398134231567
0.5
0.5
0.9016138315200806
0.5
0.5
0.9761507511138916
0.5
0.5
0.5
0.8442018032073975
0.13324517011642456
0.5
0.9964569807052612
0.7313775420188904
0.5
0.9753029346466064
0.5
0.5
0.5
0.008840948343276978
0.5
0.7174643278121948
0.5
0.5
0.848638653755188
0.5
0.5
0.5
0.5
0.9979739189147949
0.9574533700942993
0.5
0.5
0.5
0.5
0.5
0.9279841780662537
0.8900437355041504
0.942870557308197
0.848042368888855
0.5
0.9829608798027039
0.7716001272201538
0.5
0.5
0.5
0.5
0.7426875233650208
0.5
0.5
0.5
0.5
0.9760066866874695
0.5
0.9107348918914795
0.5
0.5
0.2077207863330841
0.5
0.5
0.8407690525054932
0.23303359746932983
0.5
0.2054445743560791
0.5
0.9238345623016357
0.07663017511367798
0.9470201730728149
0.5
0.5
0.5
0.7283508777618408
0.5
0.7353689670562744
0.5
0.96688312292099
0.9201554656028748
0.8800150156021118
0.9993896484375
0.5
0.2963484525680542
0.5
0.5
0.5
0.7574633955955505
0.5
0.5
0.9728398323059082
0.5
0.8069111108779907
0.5
0.24509784579277039
0.7856068015098572
0.14247828722000122
0.5
0.817514181137085
0.7888795733451843
0.20025140047073364
0.5
0.8861619234085083
0.5
0.5
0.9150000810623169
0.07733345031738281
0.9324042797088623
0.5
0.9327195882797241
0.5
0.12692639231681824
0.8817725777626038
0.5
0.07994917035102844
0.5
0.5
0.5
0.5
0.11245715618133545
0.5
0.5
0.5
0.841800332069397
0.5
0.24758556485176086
0.5
0.5
0.5
0.5
0.9428591728210449
0.7851845026016235
0.5
0.16758215427398682
0.1788007616996765
0.20358356833457947
0.5
0.5
0.22066465020179749
0.05333414673805237
0.5
0.5
0.5
0.5
0.9983401894569397
0.9326677322387695
0.5
0.5
0.5
0.5
0.5
0.9549421072006226
0.8190397620201111
0.5
0.5
0.9798212051391602
0.5
0.5
0.5
0.9479368925094604
0.8253030776977539
0.7242509722709656
0.9032099843025208
0.5
0.9595446586608887
0.5
0.8195549249649048
0.5
0.8109148740768433
0.5
0.8172273635864258
0.08092433214187622
0.5
0.9955163598060608
0.9609163999557495
0.30146324634552
0.5
0.8256834745407104
0.5
0.5
0.5
0.8477373123168945
0.5
0.5
0.8002694845199585
0.5
0.8254134654998779
0.9779965877532959
0.5
0.5
0.7974565029144287
0.139691561460495
0.9220515489578247
0.1816818118095398
0.5
0.14042899012565613
0.5
0.5
0.5
0.9772882461547852
0.5
0.7708609700202942
0.9131429195404053
0.5
0.5
0.5
0.9426079988479614
0.5
0.5
0.5
0.873879075050354
0.5
0.9805078506469727
0.5
0.8563909530639648
0.5
0.8432469367980957
0.8550766706466675
0.5
0.22099465131759644
0.22653606534004211
0.9279731512069702
0.5
0.5
0.8519673347473145
0.5
0.8746685981750488
0.8205633163452148
0.5
0.7424788475036621
0.6810427904129028
0.9238210916519165
0.5
0.14860296249389648
0.22363263368606567
0.847836434841156
0.5
0.7896301746368408
0.5
0.15176087617874146
0.23480233550071716
0.9315453171730042
0.5
0.14219650626182556
0.8404523134231567
0.5
0.8598859310150146
0.5
0.041731029748916626
0.5
0.5
0.5
0.9101318120956421
0.9953097105026245
0.8422062397003174
0.5
0.8330786228179932
0.7648476362228394
0.7469133138656616
0.5
0.5
0.5
0.5
0.8735809922218323
0.5
0.5
0.5
0.9054849743843079
0.9649608135223389
0.5
0.16709643602371216
0.262393057346344
0.8449556231498718
0.5
0.7704246044158936
0.05534714460372925
0.5
0.5
0.5
0.5
0.5
0.5
0.9983373284339905
0.9393405914306641
0.7697573900222778
0.8713014125823975
0.2664516568183899
0.5
0.5
0.8699935674667358
0.23762798309326172
0.9147952198982239
0.9879200458526611
0.7321342825889587
0.7796791195869446
0.25088387727737427
0.5
0.15977433323860168
0.9563103318214417
0.8672125339508057
0.7486188411712646
0.9213932752609253
0.5
0.07473024725914001
0.23750537633895874
0.7707613110542297
0.5
0.5
0.8123173713684082
0.5
0.5
0.9894647598266602
0.5
0.8455707430839539
0.5
0.9701374173164368
0.8172358870506287
0.5
0.6969686150550842
0.9114829897880554
0.8493903279304504
0.5
0.9988456964492798
0.5
0.5
0.07064980268478394
0.5
0.5
0.5
0.8471803069114685
0.5
0.939477264881134
0.5
0.24315977096557617
0.5
0.5
0.9810143709182739
0.9909344911575317
0.5
0.5
0.7548167705535889
0.5
0.7874159812927246
0.9974449276924133
0.5
0.06058222055435181
0.9963200688362122
0.5
0.9993182420730591
0.9176965951919556
0.5
0.5
0.7876714468002319
0.5
0.9971387386322021
0.9753830432891846
0.8793711066246033
0.5
0.5
0.5
0.9764807224273682
0.9515533447265625
0.5
0.5
0.5
0.5
0.5
0.756187379360199
0.5
0.8750588297843933
0.5
0.5
0.5
0.2643093764781952
0.5
0.5
0.5
0.5
0.5
0.8547577857971191
0.980441689491272
0.5
0.9531277418136597
0.8925018310546875
0.5
0.7763253450393677
0.5
0.5
0.09598016738891602
0.9117263555526733
0.5
0.6966913342475891
0.8932253122329712
0.5
0.5
0.9656879901885986
0.22184211015701294
0.8319209814071655
0.5
0.9622344970703125
0.10169905424118042
0.13956448435783386
0.5
0.5
0.5
0.803836464881897
0.5
0.8128055930137634
0.5
0.5
0.5
0.8704217672348022
0.5
0.5
0.909876823425293
0.15649765729904175
0.9903724193572998
0.7876730561256409
0.5
0.5
0.9970303177833557
0.5
0.8671801686286926
0.9678354859352112
0.5
0.5
0.19227206707000732
0.8178454637527466
0.8357323408126831
0.5
0.5
0.5
0.5
0.9768235087394714
0.7303908467292786
0.5
0.5
0.5
0.9330518245697021
0.10579544305801392
0.5
0.5
0.5
0.06368201971054077
0.8208457231521606
0.5
0.8767064213752747
0.9029508233070374
0.09749346971511841
0.8685452938079834
0.7969858050346375
0.5
0.9180316925048828
0.8273455500602722
0.5
0.5
0.5
0.22986146807670593
0.8757520914077759
0.5
0.2019597887992859
0.03730866312980652
0.5
0.5
0.5
0.7831329107284546
0.5
0.12520354986190796
0.5
0.9273926615715027
0.5
0.1710307002067566
0.8799548149108887
0.8393861055374146
0.5
0.5
0.881533145904541
0.5
0.5
0.5
0.5
0.5
0.5
0.8532540798187256
0.5
0.234308123588562
0.2686859965324402
0.5
0.9963124394416809
0.7627670764923096
0.9349072575569153
0.5
0.9988030195236206
0.5
0.9584313631057739
0.18365958333015442
0.93868088722229
0.5
0.5
0.5
0.8962810039520264
0.8939599990844727
0.5
0.09550443291664124
0.5
0.7526989579200745
0.5
0.5
0.5
0.840798556804657
0.5
0.8324801325798035
0.5
0.5
0.5
0.24943923950195312
0.8581268787384033
0.5
0.5
0.5
0.30137619376182556
0.5
0.5
0.5
0.5
0.5
0.5
0.896949052810669
0.5
0.09171155095100403
0.5
0.5
0.9456518888473511
0.9053806066513062
0.7172461152076721
0.5
0.5
0.18218496441841125
0.5
0.5
0.5
0.5
0.5
0.8618295192718506
0.8702067732810974
0.8046833276748657
0.5
0.5
0.5
0.8335700035095215
0.30126726627349854
0.5
0.7995572686195374
0.8269519805908203
0.09998521208763123
0.5
0.5
0.5
0.10840234160423279
0.5
0.7851314544677734
0.5
0.8108546733856201
0.5
0.9070565700531006
0.5
0.5
0.17790746688842773
0.9889223575592041
0.9502397775650024
0.5
0.2596641182899475
0.5
0.5
0.9996668696403503
0.5
0.9671037197113037
0.18801769614219666
0.5
0.5
0.5
0.766568660736084
0.9615452289581299
0.5
0.5
0.7617152333259583
0.5
0.5
0.5
0.8352664709091187
0.9782454967498779
0.5
0.2236892282962799
0.5
0.5
0.5
0.8750588297843933
0.8597886562347412
0.22342216968536377
0.5
0.5
0.5
0.8533942699432373
0.5
0.7294853925704956
0.9338251352310181
0.5
0.1366434097290039
0.5
0.7699195742607117
0.5
0.5
0.5
0.5
0.5
0.7746353149414062
0.9992690086364746
0.8929233551025391
0.5
0.5
0.9453829526901245
0.5
0.5
0.262481689453125
0.5
0.5
0.9948447942733765
0.9998701214790344
0.991034746170044
0.5
0.5
0.5
0.5
0.9068617820739746
0.5
0.5
0.9805707931518555
0.9999697208404541
0.967475414276123
0.5
0.5
0.26010704040527344
0.8914496898651123
0.5
0.23454412817955017
0.8242131471633911
0.7941074371337891
0.5
0.9560108184814453
0.17804297804832458
0.5
0.03842344880104065
0.0880919098854065
0.2739173173904419
0.5
0.5
0.12033858895301819
0.8018232583999634
0.9905661344528198
0.5
0.9181480407714844
0.22001773118972778
0.5
0.24921679496765137
0.9109601378440857
0.5
0.8140841722488403
0.5
0.5
0.21797284483909607
0.5
0.5
0.8436497449874878
0.5
0.7487108111381531
0.5
0.1452445387840271
0.5
0.5
0.5
0.5
0.5
0.5
0.5
0.2570294439792633
0.9480780959129333
0.5
0.5
0.9475380182266235
0.21165740489959717
0.5
0.5
0.5
0.9090023040771484
0.771642804145813
0.5
0.11587351560592651
0.8142688274383545
0.5
0.5
0.5
0.5
0.8563476204872131
0.9996928572654724
0.5
0.7775774002075195
0.7611156105995178
0.5
0.7466225624084473
0.5
0.5
0.10377278923988342
0.5
0.5
0.8028346300125122
0.21411678194999695
0.29669439792633057
0.5
0.5
0.5
0.5
0.7591921091079712
0.5
0.5
0.5
0.5
0.9332183599472046
0.7643781304359436
0.8781834244728088
0.5
0.5
0.5
0.5
0.5
0.20334693789482117
0.7843056917190552
0.8222522139549255
0.5
0.5
0.5
0.5
0.7887473106384277
0.7554681897163391
0.5
0.8704112768173218
0.5
0.9925063252449036
0.5
0.5
0.8092671632766724
0.9702949523925781
0.5
0.5
0.5
0.8540658950805664
0.209646075963974
0.9992907047271729
0.5
0.5
0.5
0.5
0.5
0.8344844579696655
0.9906893372535706
0.5
0.5
0.1419878900051117
0.5
0.8677368760108948
0.9575893878936768
0.5
0.9051173329353333
0.5
0.16405647993087769
0.5
0.8012871146202087
0.5
0.5
0.5
0.5
0.5
0.5
0.5
0.20330318808555603
0.5
0.5
0.8213614821434021
0.5
0.2790486812591553
0.8046673536300659
0.5
0.5
0.5
0.9953209161758423
0.5
0.5
0.2550589442253113
0.5
0.5
0.04031836986541748
0.5
0.012405961751937866
0.5
0.24973681569099426
0.5
0.697441816329956
0.9114083051681519
0.955301821231842
0.8040719032287598
0.5
0.5
0.9999038577079773
0.5
0.9203135967254639
0.5
0.5
0.5
0.13254767656326294
0.2871161699295044
0.5
0.5
0.848976731300354
0.9657564163208008
0.5
0.5
0.5
0.5
0.5
0.5
0.9379609823226929
0.897263765335083
0.5
0.5
0.9975472688674927
0.8280200958251953
0.5
0.8242131471633911
0.687476634979248
0.5
0.5
0.5
0.5
0.5
0.5
0.8740430474281311
0.5
0.5
0.5
0.5
0.8601019382476807
0.5
0.5
0.8923004865646362
0.5
0.875093936920166
0.5
0.5
0.5
0.8018641471862793
0.5
0.7066365480422974
0.2576330304145813
0.5
0.5
0.8102639317512512
0.5
0.5
0.5
0.5
0.5
0.7168018817901611
0.5
0.8668147325515747
0.5
0.5
0.5
0.5
0.806566596031189
0.9725991487503052
0.5
0.7648555636405945
0.5
0.5
0.5
0.5
0.5
0.5
0.8949825763702393
0.022676408290863037
0.5
0.5
0.5
0.9123828411102295
0.07198119163513184
0.8794845342636108
0.5
0.8542667627334595
0.9116582870483398
0.5
0.5
0.7795713543891907
0.8490490913391113
0.5
0.5
0.8039226531982422
0.7310629487037659
0.5
0.5
0.5
0.5
0.5
0.8637468218803406
0.1315479874610901
0.20499664545059204
0.7327232956886292
0.2895893156528473
0.8823529481887817
0.8967769145965576
0.5
0.8887420892715454
0.781148374080658
0.9518080353736877
0.5
0.15287154912948608
0.19065719842910767
0.5
0.5
0.5
0.1828325092792511
0.7689396739006042
0.5
0.7207367420196533
0.5
0.5
0.005044162273406982
0.7771732807159424
0.5
0.5
0.5
0.5
0.5
0.5
0.9330518245697021
0.7241300344467163
0.5
0.5
0.5
0.1725369691848755
0.949110746383667
0.5
0.05077475309371948
0.5
0.240643709897995
0.5
0.5
0.5
0.5
0.5
0.5
0.5
0.5
0.5
0.16851207613945007
0.8293019533157349
0.7644826173782349
0.6874160766601562
0.19527673721313477
0.02785325050354004
0.9315590858459473
0.8831418752670288
0.7147058248519897
0.5
0.5
0.5
0.5
0.5
0.21061700582504272
0.8394942283630371
0.5
0.7496897578239441
0.9389682412147522
0.5
0.5
0.13650354743003845
0.5
0.7781717777252197
0.5
0.9148340225219727
0.5
0.11461091041564941
0.956001341342926
0.5
0.5
0.5
0.5
0.9232661128044128
0.7797541618347168
0.5
0.5
0.5
0.5
0.9143074750900269
0.5
0.5
0.5
0.5
0.9810253381729126
0.9538570642471313
0.8155307769775391
0.8434522747993469
0.5
0.5
0.16170772910118103
0.9618148803710938
0.5
0.5
0.5
0.8729501366615295
0.8397200107574463
0.5
0.5
0.9899159669876099
0.5
0.0281524658203125
0.8069517016410828
0.5
0.7843953371047974
0.5
0.5
0.896352231502533
0.21398916840553284
0.5
0.5
0.19305872917175293
0.5
0.5
0.9958462715148926
0.5
0.9978377819061279
0.9410111904144287
0.24909046292304993
0.12308093905448914
0.11117902398109436
0.5
0.132813960313797
0.8664420247077942
0.27576300501823425
0.5
0.13965663313865662
0.5
0.8664960265159607
0.7916998863220215
0.08770224452018738
0.8395342826843262
0.5
0.5
0.7654966711997986
0.031477004289627075
0.5
0.5
0.8907001614570618
0.20891344547271729
0.5
0.9152688980102539
0.5
0.5
0.5
0.9460090398788452
0.2323044240474701
0.5
0.5
0.5
0.5
0.5
0.5
0.5
0.5
0.8428882360458374
0.5
0.5
0.9938123226165771
0.27078893780708313
0.9238265156745911
0.9264054298400879
0.5
0.9215607643127441
0.5
0.929726779460907
0.7731063961982727
0.5
0.5
0.5
0.5
0.8818573951721191
0.5
0.5
0.8967314958572388
0.5
0.7829375267028809
0.01787981390953064
0.5
0.9345670342445374
0.003346055746078491
0.9654198884963989
0.5
0.5
0.896352231502533
0.9941526651382446
0.10318967700004578
0.5
0.5
0.9145070910453796
0.5
0.5
0.09209287166595459
0.8934409618377686
0.973874568939209
0.9336793422698975
0.8124268054962158
0.9941614866256714
0.17917704582214355
0.21620967984199524
0.5
0.5
0.5
0.9899641275405884
0.8989846706390381
0.7986322641372681
0.8420769572257996
0.9951201677322388
0.5
0.9552764892578125
0.8424421548843384
0.5
0.5
0.5
0.8342093229293823
0.8544960021972656
0.5
0.02452823519706726
0.5
0.5
0.980028510093689
0.9751281142234802
0.5
0.30658677220344543
0.5
0.7715410590171814
0.8846325874328613
0.5
0.5
0.5
0.22075971961021423
0.293830007314682
0.5
0.5
0.28480052947998047
0.5
0.13066774606704712
0.5
0.7735397815704346
0.846045732498169
0.940167248249054
0.7586570978164673
0.5
0.9411159753799438
0.8800916075706482
0.5
0.998319149017334
0.5
0.5
0.5
0.2699659466743469
0.5
0.5
0.8160713911056519
0.5
0.5
0.1001749038696289
0.11973881721496582
0.7949244976043701
0.034001559019088745
0.5
0.760960578918457
0.2675352394580841
0.5
0.5
0.5
0.5
0.23891574144363403
0.9159373044967651
0.5
0.9833729267120361
0.779506266117096
0.9996569156646729
0.8435236811637878
0.8008143901824951
0.9976339936256409
0.16157439351081848
0.5
0.5
0.5
0.2568328082561493
0.20957085490226746
0.5
0.5
0.27351289987564087
0.5
0.8943692445755005
0.8154579401016235
0.5
0.5
0.5
0.5
0.9999526143074036
0.7493481040000916
0.5
0.5
0.5
0.08351728320121765
0.5
0.9890807867050171
0.5
0.5
0.5
0.8786904811859131
0.23381763696670532
0.7830153703689575
0.7209173440933228
0.5
0.8887640237808228
0.5
0.5
0.5
0.5
0.8936998844146729
0.5
0.5
0.937018632888794
0.5
0.7261949777603149
0.5
0.5
0.5
0.5
0.8077100515365601
0.1893533170223236
0.5
0.8901991844177246
0.5
0.9134687185287476
0.5
0.9759040474891663
0.2323044240474701
0.5
0.9326679706573486
0.5
0.902485728263855
0.17164397239685059
0.2541635036468506
0.5
0.5
0.5
0.8392694592475891
0.16583096981048584
0.16077551245689392
0.5
0.8674286603927612
0.0025220513343811035
0.7960166931152344
0.5
0.5
0.5
0.8813376426696777
0.9659122824668884
0.9850625991821289
0.21803727746009827
0.8572859168052673
0.23263415694236755
0.9868611097335815
0.9318760633468628
0.0785515308380127
0.5
0.5
0.9095158576965332
0.9626306891441345
0.05687198042869568
0.21663135290145874
0.8079853653907776
0.9267003536224365
0.1381414830684662
0.5
0.8487129211425781
0.8551888465881348
0.9945722818374634
0.9701955318450928
0.7708333730697632
0.1036977767944336
0.751796305179596
0.5
0.09390276670455933
0.5
0.5
0.5
0.9945828318595886
0.27184197306632996
0.18079397082328796
0.5
0.5
0.8998159170150757
0.5
0.16008606553077698
0.1475924253463745
0.7796016931533813
0.27306172251701355
0.5
0.8584756851196289
0.04142189025878906
0.2537526488304138
0.2360142469406128
0.5
0.5
0.5
0.5
0.19070112705230713
0.5
0.5
0.9359155893325806
0.5
0.04367494583129883
0.06636986136436462
0.5
0.7904297113418579
0.7760301232337952
0.8642892241477966
0.24064931273460388
0.8660978078842163
0.8193886280059814
0.9950635433197021
0.9948781728744507
0.015373200178146362
0.5
0.5
0.9122668504714966
0.5
0.5
0.9491149187088013
0.5
0.9359452724456787
0.1539669930934906
0.5
0.5
0.5
0.5
0.8979834318161011
0.9475388526916504
0.8084679841995239
0.5
0.7975274324417114
0.5
0.9760583639144897
0.5
0.1514056921005249
0.5
0.5
0.1420130431652069
0.5
0.5
0.5
0.5
0.11329835653305054
0.8194481730461121
0.5
0.5
0.27305278182029724
0.9653460383415222
0.9334589838981628
0.12277388572692871
0.5
0.7771317958831787
0.5
0.5
0.5
0.5
0.5
0.923446536064148
0.24779751896858215
0.8029950857162476
0.5
0.9526190161705017
0.7468525767326355
0.8837379813194275
0.5
0.5
0.955348789691925
0.5
0.5
0.5
0.20083224773406982
0.16537511348724365
0.5
0.5
0.14042776823043823
0.5
0.796974241733551
0.5
0.5
0.8510061502456665
0.5
0.7463437914848328
0.7852036952972412
0.5
0.5
0.18345224857330322
0.9552764892578125
0.1552928388118744
0.9146724939346313
0.9208134412765503
0.8614449501037598
0.7629058957099915
0.718702495098114
0.16116327047348022
0.7888533473014832
0.5
0.9941995143890381
0.5
0.5
0.04989531636238098
0.7837071418762207
0.7066143155097961
0.9347978830337524
0.5
0.5
0.5
0.5
0.09967318177223206
0.2610207200050354
0.9788506627082825
0.11734023690223694
0.009651422500610352
0.856280505657196
0.799318790435791
0.5
0.16336596012115479
0.9990638494491577
0.13933706283569336
0.9744715690612793
0.5
0.5
0.5
0.9374220967292786
0.5
0.7758290767669678
0.9788768887519836
0.8083673119544983
0.5
0.5
0.5
0.8044440746307373
0.8483476638793945
0.5
0.02452823519706726
0.967668354511261
0.9444479942321777
0.8319926261901855
0.9936230778694153
0.7868717312812805
0.17845794558525085
0.5
0.5
0.8160713911056519
0.8397306203842163
0.5
0.7521703839302063
0.5
0.9021002054214478
0.800223171710968
0.9207141995429993
0.955357551574707
0.5
0.13446560502052307
0.8560167551040649
0.731189489364624
0.15288087725639343
0.7938387393951416
0.5
0.5
0.9180148243904114
0.8141499757766724
0.9173568487167358
0.9689904451370239
0.5
0.5
0.9917418956756592
0.2455786168575287
0.5
0.8320220708847046
0.5
0.5
0.9434560537338257
0.753006100654602
0.029642760753631592
0.012417107820510864
0.5
0.24440708756446838
0.061400383710861206
0.7435939908027649
0.7670595645904541
0.959111213684082
0.7509815692901611
0.5
0.5
0.5
0.9647644758224487
0.21257555484771729
0.8015913367271423
0.8742008805274963
0.5
0.20162221789360046
0.18155702948570251
0.5
0.5
0.7723270654678345
0.5
0.2478765845298767
0.14730945229530334
0.5
0.8501940965652466
0.9831815361976624
0.8912309408187866
0.5
0.14572802186012268
0.13890573382377625
0.9011074304580688
0.9206775426864624
0.7586570978164673
0.5
0.7662175297737122
0.8438847064971924
0.5
0.1747475564479828
0.807445764541626
0.5
0.5
0.5
0.5
0.5
0.9991333484649658
0.16838619112968445
0.9765620827674866
0.03129306435585022
0.8199164867401123
0.9143714308738708
0.5
0.11350807547569275
0.5
0.5
0.8820825815200806
0.19186225533485413
0.5
0.5
0.5
0.9241093397140503
0.5
0.13542687892913818
0.1283586323261261
0.8693384528160095
0.8393009901046753
0.5
0.7578641176223755
0.2281327247619629
0.774289608001709
0.2269190549850464
0.5
0.07672911882400513
0.5
0.5
0.5
0.7900229692459106
0.8522577285766602
0.5
0.5
0.8556603193283081
0.7453336715698242
0.7908816337585449
0.9864592552185059
0.5
0.5
0.8051762580871582
0.9989796876907349
0.5
0.5
0.8961195349693298
0.5
0.7106486558914185
0.5
0.2651103734970093
0.11103826761245728
0.5
0.9025855660438538
0.7496788501739502
0.774405837059021
0.9820007085800171
0.5
0.8308210372924805
0.2624225616455078
0.5
0.30744749307632446
0.5
0.5
0.7619881629943848
0.11786526441574097
0.7796451449394226
0.9193915128707886
0.1986446976661682
0.5
0.9998652935028076
0.766033947467804
0.825687825679779
0.5
0.13364452123641968
0.5
0.7818096876144409
0.5
0.7627260684967041
0.8539433479309082
0.9893753528594971
0.1559300422668457
0.07454800605773926
0.5
0.018858879804611206
0.20408448576927185
0.809378981590271
0.9280211329460144
0.12372782826423645
0.5
0.8395811319351196
0.5
0.9880363345146179
0.5
0.07692471146583557
0.5
0.5
0.031477004289627075
0.5
0.8413450717926025
0.7895230650901794
0.8215488195419312
0.5
0.5
0.29481956362724304
0.0051007866859436035
0.19387206435203552
0.8700177669525146
0.5
0.8783426284790039
0.5
0.8573144674301147
0.9232746958732605
0.06644222140312195
0.8204498291015625
0.949960470199585
0.12490147352218628
0.8522782325744629
0.9761914014816284
0.017362147569656372
0.9000699520111084
0.5
0.8673532605171204
0.797805666923523
0.8922989368438721
0.975143313407898
0.7709190845489502
0.5
0.5
0.5
0.7663334608078003
0.5
0.5
0.5
0.966355562210083
0.5
0.5
0.5
0.5
0.5
0.5
0.923856258392334
0.8636334538459778
0.11749225854873657
0.5
0.27926814556121826
0.9993929862976074
0.021862953901290894
0.5
0.5
0.5
0.5
0.7601168155670166
0.5
0.850013017654419
0.5
0.5
0.5
0.804897665977478
0.7713068127632141
0.9087711572647095
0.5
0.8467189073562622
0.9480277895927429
0.5
0.9243823885917664
0.5
0.9004000425338745
0.9242293834686279
0.8168995976448059
0.7935910820960999
0.5
0.10506337881088257
0.9579815864562988
0.5
0.5
0.8008143901824951
0.9863510131835938
0.24233382940292358
0.008790165185928345
0.9669913053512573
0.9620506167411804
0.10526052117347717
0.05177143216133118
0.8554154634475708
0.8949931859970093
0.8863645792007446
0.5
0.5
0.5
0.20511183142662048
0.8895922899246216
0.5
0.9588437676429749
0.9887064695358276
0.5
0.5
0.807009220123291
0.024460583925247192
0.8628078103065491
0.5
0.9334984421730042
0.00871974229812622
0.004084795713424683
0.8323383927345276
0.5
0.7915091514587402
0.2038348913192749
0.5
0.8467739820480347
0.7749685049057007
0.9978131651878357
0.5
0.21769210696220398
0.9934624433517456
0.9575873613357544
0.2598171830177307
0.5
0.7807609438896179
0.886406421661377
0.5
0.17752647399902344
0.8147764205932617
0.9862145185470581
0.874133288860321
0.9099071621894836
0.5
0.09758928418159485
0.878548800945282
0.8011733889579773
0.7557854056358337
0.804088830947876
0.2922137975692749
0.6864877343177795
0.8994507789611816
0.11222320795059204
0.7205280065536499
0.5
0.07041850686073303
0.5
0.5
0.8861310482025146
0.9346296787261963
0.5
0.8096964359283447
0.5
0.8520935773849487
0.3223661780357361
0.24452388286590576
0.5
0.5
0.903059720993042
0.17752647399902344
0.9997655749320984
0.5
0.2106175720691681
0.8317811489105225
0.9527208805084229
0.119931161403656
0.9996979236602783
0.9494643807411194
0.25543156266212463
0.5
0.13706368207931519
0.8626710772514343
0.5
0.5
0.5
0.9446556568145752
0.5
0.24047571420669556
0.8438855409622192
0.1502462923526764
0.5
0.5
0.5
0.21699288487434387
0.9687070846557617
0.999474287033081
0.5
0.9877625703811646
0.94013911485672
0.7427307367324829
0.8779870271682739
0.5
0.1613466739654541
0.039441198110580444
0.9439083337783813
0.24795415997505188
0.5
0.5
0.5
0.9732860922813416
0.8308368921279907
0.5
0.5
0.8450652360916138
0.5
0.5
0.5
0.11947035789489746
0.5
0.8018577098846436
0.18003657460212708
0.8057942390441895
0.5
0.9845221042633057
0.8287774324417114
0.5
0.2010785937309265
0.5
0.8304641246795654
0.9455630779266357
0.027748078107833862
0.8840693235397339
0.8816073536872864
0.5
0.5
0.7968639135360718
0.18010351061820984
0.5
0.1949654519557953
0.9997608661651611
0.17471855878829956
0.5
0.5
0.5
0.5
0.8958274126052856
0.08671259880065918
0.8645685911178589
0.5
0.5
0.8108026385307312
0.8133675456047058
0.7585561275482178
0.7239186763763428
0.5
0.5
0.929554283618927
0.9977185726165771
0.8941953182220459
0.5
0.9643213748931885
0.7672115564346313
0.5
0.7662420272827148
0.5
0.22073620557785034
0.5
0.5
0.16299253702163696
0.5
0.8895413279533386
0.9070836305618286
0.5
0.11160725355148315
0.5
0.5
0.5
0.9482426643371582
0.7952548861503601
0.5
0.5
0.5
0.9568011164665222
0.7815412282943726
0.13104093074798584
0.2566763758659363
0.707234263420105
0.9295139908790588
0.5
0.5
0.27505257725715637
0.8874098062515259
0.9166857004165649
0.11724075675010681
0.823020339012146
0.9833749532699585
0.8824970722198486
0.5
0.9019142985343933
0.7693072557449341
0.5
0.9119119644165039
0.5
0.8458895683288574
0.5
0.884575605392456
0.5
0.8554275035858154
0.8600385189056396
0.7649914026260376
0.8731862902641296
0.5
0.800467312335968
0.8344467282295227
0.5
0.7922835350036621
0.5
0.5
0.5
0.5
0.5
0.5
0.5
0.9148306846618652
0.141901433467865
0.5
0.5
0.5
0.8824100494384766
0.9528043270111084
0.7595272064208984
0.5
0.5
0.24069508910179138
0.5
0.9130499362945557
0.10427132248878479
0.9255058765411377
0.5
0.5
0.0703396201133728
0.08631089329719543
0.5
0.9901735782623291
0.5
0.7003144025802612
0.5
0.5
0.5
0.13289543986320496
0.5
0.7983618974685669
0.7984497547149658
0.5
0.8732559084892273
0.8717622756958008
0.15265890955924988
0.5
0.1890702247619629
0.5
0.5
0.5
0.5
0.1408243477344513
0.15659233927726746
0.5
0.28308141231536865
0.9005998373031616
0.937257707118988
0.7072878479957581
0.9994540810585022
0.18036812543869019
0.12844350934028625
0.5
0.5
0.7982971668243408
0.5
0.06015819311141968
0.8543739318847656
0.16777223348617554
0.9999951124191284
0.955366849899292
0.5
0.5
0.7585252523422241
0.1855894923210144
0.5
0.5
0.7463037967681885
0.5
0.039441198110580444
0.5
0.941482424736023
0.9983004331588745
0.5
0.5
0.5
0.5
0.5
0.27505257725715637
0.9289709329605103
0.21994951367378235
0.5
0.8292235136032104
0.5
0.879848837852478
0.8039681315422058
0.9087711572647095
0.8937928080558777
0.5
0.9187130928039551
0.5
0.9734194874763489
0.21699851751327515
0.5
0.5
0.5
0.20608976483345032
0.9446018934249878
0.7559458613395691
0.8967132568359375
0.5
0.5
0.5
0.5
0.8581042885780334
0.0010351836681365967
0.707234263420105
0.5
0.9672848582267761
0.5
0.5
0.5
0.5
0.5
0.07384118437767029
0.19057700037956238
0.9815540909767151
0.9339572787284851
0.7363727688789368
0.5
0.5
0.5
0.5
0.5
0.5
0.5
0.8419440388679504
0.9487135410308838
0.5
0.5
0.9997554421424866
0.9984222650527954
0.5
0.9745615124702454
0.1552174985408783
0.8847106099128723
0.8215615153312683
0.7897437214851379
0.5
0.5
0.936162531375885
0.7641159892082214
0.5
0.5
0.5
0.5
0.5
0.943293571472168
0.5
0.900698721408844
0.5
0.5
0.5
0.5
0.5
0.913346529006958
0.14074626564979553
0.7682408094406128
0.16285789012908936
0.5
0.9858570694923401
0.14023423194885254
0.8293137550354004
0.5
0.940222978591919
0.22842171788215637
0.832181990146637
0.5
0.07223942875862122
0.0745578408241272
0.5
0.5
0.8422761559486389
0.5
0.5
0.8118051886558533
0.8874391913414001
0.5
0.5
0.5
0.5
0.5
0.5
0.5
0.17310675978660583
0.9255881309509277
0.5
0.9008724093437195
0.14680472016334534
0.8413894176483154
0.7974574565887451
0.5
0.18953710794448853
0.8277230858802795
0.5
0.8489174842834473
0.5
0.5
0.9855726957321167
0.8743681311607361
0.2571474313735962
0.1048261821269989
0.5
0.5
0.5
0.5
0.5
0.0686119794845581
0.9890215396881104
0.994063675403595
0.5
0.9514118432998657
0.5
0.8567010164260864
0.5
0.21769210696220398
0.5
0.22322535514831543
0.5
0.5
0.768826961517334
0.5
0.5
0.5
0.7774141430854797
0.5
0.04681488871574402
0.5
0.2868766188621521
0.5
0.5
0.9786269664764404
0.5
0.5
0.5
0.9338623285293579
0.5
0.0690886378288269
0.8747056722640991
0.5
0.9971537590026855
0.9529604911804199
0.888824462890625
0.928489089012146
0.5
0.9982881546020508
0.9307639598846436
0.5
0.9555093050003052
0.5
0.5
0.7613952159881592
0.5
0.5
0.5
0.5
0.5
0.07393738627433777
0.5
0.9980078935623169
0.5
0.5
0.8954405784606934
0.5
0.8053768873214722
0.8893339037895203
0.9045237302780151
0.015720099210739136
0.5
0.7955995798110962
0.05916935205459595
0.7516741752624512
0.5
0.7866228818893433
0.8802859783172607
0.8967224359512329
0.2106175720691681
0.5
0.5
0.5
0.5
0.5
0.9868617057800293
0.9087369441986084
0.11234629154205322
0.5
0.9579235315322876
0.8974198698997498
0.9170528054237366
0.5
0.5
0.9103848934173584
0.9621374607086182
0.7581713199615479
0.9758115410804749
0.9552342295646667
0.5
0.5
0.5
0.8521502614021301
0.5
0.5
0.0571424663066864
0.9955277442932129
0.07260146737098694
0.8773159980773926
0.9896124601364136
0.5
0.32595139741897583
0.22676685452461243
0.5
0.7708950042724609
0.5
0.5
0.5
0.5
0.5
0.768826961517334
0.9664793014526367
0.9506127834320068
0.7456868886947632
0.9368882775306702
0.7222634553909302
0.7135828733444214
0.5
0.775422990322113
0.5
0.5
0.7081936001777649
0.5
0.9827247858047485
0.5
0.5
0.5
0.5
0.0071555376052856445
0.8754904270172119
0.5
0.85636967420578
0.8937928080558777
0.08863165974617004
0.5
0.94150310754776
0.012417107820510864
0.8685768246650696
0.5
0.9832327365875244
0.9104270339012146
0.5
0.9159200191497803
0.13315719366073608
0.9999104738235474
0.5
0.5
0.5
0.5
0.13550448417663574
0.3149592876434326
0.3069305419921875
0.5
0.15192851424217224
0.5
0.5
0.5
0.8963091373443604
0.14598903059959412
0.5
0.9338117837905884
0.5
0.5
0.8861410617828369
0.5
0.9683064818382263
0.7669577598571777
0.5
0.8827746510505676
0.8146089315414429
0.05629721283912659
0.12139332294464111
0.7923920750617981
0.5
0.21258991956710815
0.5
0.5
0.5
0.5
0.14982786774635315
0.5
0.9975205659866333
0.5
0.09552517533302307
0.5
0.08466744422912598
0.9417704343795776
0.8550710678100586
0.8396265506744385
0.8260446786880493
0.8929795026779175
0.5
0.2613712251186371
0.22180214524269104
0.7903479337692261
0.5
0.5
0.8854960203170776
0.5
0.5
0.5
0.9764455556869507
0.5
0.5
0.21677017211914062
0.8075038194656372
0.7988166809082031
0.9446123838424683
0.9060277938842773
0.8809903860092163
0.2392227053642273
0.8430545330047607
0.06916937232017517
0.5
0.5
0.5
0.08918595314025879
0.05128282308578491
0.5
0.5
0.9953957796096802
0.8462738990783691
0.8557729721069336
0.5
0.9235292673110962
0.32099825143814087
0.5
0.5
0.5
0.5
0.5
0.5
0.5
0.5
0.5
0.7569190263748169
0.8154951333999634
0.5
0.5
0.9352318644523621
0.7239902019500732
0.1672687530517578
0.5
0.5
0.21201708912849426
0.5
0.07523903250694275
0.8706194162368774
0.7217490077018738
0.5
0.9054741859436035
0.09280434250831604
0.5
0.9237775802612305
0.9999027252197266
0.8546125888824463
0.060281217098236084
0.5
0.5
0.5
0.5
0.5
0.5
0.5
0.5
0.5
0.7915958166122437
0.5
0.014274120330810547
0.9945043325424194
0.5
0.9040927886962891
0.9586818814277649
0.9135845303535461
0.8627091646194458
0.5
0.5
0.6886056065559387
0.5
0.5
0.5
0.5
0.2723238468170166
0.5
0.84902024269104
0.5
0.8702927827835083
0.8212390542030334
0.059557169675827026
0.9897431135177612
0.5
0.803938627243042
0.5
0.5
0.9895127415657043
0.5
0.5
0.8368635773658752
0.9179744124412537
0.9975740909576416
0.5
0.7826579809188843
0.5
0.5
0.5
0.5
0.1659877896308899
0.5
0.09026274085044861
0.5
0.8022522330284119
0.11661499738693237
0.5
0.169660747051239
0.5
0.7810660600662231
0.5
0.5
0.9437066912651062
0.5
0.3027881383895874
0.5
0.5
0.9063913226127625
0.09518763422966003
0.5
0.5
0.5
0.5
0.9420583248138428
0.18605059385299683
0.5
0.20554271340370178
0.5
0.5
0.5
0.5
0.5
0.9299116730690002
0.9009602069854736
0.5
0.5
0.5
0.7589771747589111
0.12077176570892334
0.18879011273384094
0.5
0.8710492849349976
0.16342487931251526
0.5
0.5
0.5
0.5
0.8836607336997986
0.9943438768386841
0.997259259223938
0.9529020190238953
0.14201638102531433
0.8306472897529602
0.9980912208557129
0.884705126285553
0.7632724046707153
0.8064906597137451
0.5
0.168864905834198
0.9290831685066223
0.5
0.7411456108093262
0.5
0.8260316848754883
0.18739983439445496
0.5
0.7896486520767212
0.5
0.9704380035400391
0.5
0.8133753538131714
0.7906925678253174
0.7726966142654419
0.5
0.5
0.5
0.18741321563720703
0.5
0.5
0.5
0.19419214129447937
0.7946714162826538
0.19486507773399353
0.5
0.5
0.9103744029998779
0.056026965379714966
0.5
0.9668196439743042
0.5
0.5
0.9616298675537109
0.09605151414871216
0.8411116600036621
0.12511968612670898
0.9866418838500977
0.5
0.7609595060348511
0.5
0.5
0.5
0.9719440937042236
0.5
0.6986002326011658
0.5
0.9177335500717163
0.5
0.5
0.7876599431037903
0.5
0.8129605054855347
0.027715027332305908
0.06908535957336426
0.5
0.010495930910110474
0.8504512310028076
0.963879406452179
0.8255798816680908
0.9722000360488892
0.9213106632232666
0.821497917175293
0.5
0.5
0.8039097785949707
0.23418045043945312
0.5
0.8246465921401978
0.8297131061553955
0.9947855472564697
0.8561714291572571
0.8672162294387817
0.5
0.5
0.9685913324356079
0.9251421093940735
0.5
0.5
0.8086252212524414
0.9802106618881226
0.5
0.2469836175441742
0.8117082118988037
0.5
0.5
0.5
0.5
0.5
0.7750450372695923
0.5
0.8800133466720581
0.20382249355316162
0.5
0.750092625617981
0.5
0.84902024269104
0.5
0.5
0.5
0.5
0.06088751554489136
0.5
0.8560643196105957
0.5
0.5
0.5
0.5
0.24094635248184204
0.7990512847900391
0.5
0.8333531618118286
0.5
0.5
0.20391371846199036
0.5
0.5
0.11290651559829712
0.1769806146621704
0.5
0.7217490077018738
0.5
0.040101975202560425
0.8676068186759949
0.5
0.5
0.5
0.5
0.5
0.9820539951324463
0.5
0.5
0.5
0.5
0.9282398819923401
0.9651986360549927
0.7152314782142639
0.5
0.5
0.9557629823684692
0.7459474205970764
0.5
0.9891687631607056
0.5
0.9141494035720825
0.9355502724647522
0.7681423425674438
0.20320573449134827
0.5
0.5
0.5
0.7172602415084839
0.9905260801315308
0.5
0.09857112169265747
0.5
0.5
0.5
0.9151068925857544
0.891155481338501
0.11820375919342041
0.7212166786193848
0.5
0.5
0.9096642732620239
0.5
0.19715097546577454
0.8828662633895874
0.5
0.7553630471229553
0.5
0.7866995334625244
0.9907429814338684
0.9789608716964722
0.8792288303375244
0.9586061239242554
0.2302318513393402
0.8996235132217407
0.9987906217575073
0.5
0.5
0.996086061000824
0.5
0.5
0.5
0.9205772876739502
0.005941033363342285
0.5
0.5
0.5
0.21374192833900452
0.5
0.5
0.5
0.05332949757575989
0.139691561460495
0.5
0.5
0.8891412019729614
0.14145958423614502
0.2823297381401062
0.5
0.9965355396270752
0.5
0.7953700423240662
0.5
0.5
0.5
0.5
0.5
0.5
0.9048939943313599
0.8394979238510132
0.20462527871131897
0.5
0.7756629586219788
0.018188387155532837
0.5
0.5
0.9320518970489502
0.5
0.5
0.5
0.0786539614200592
0.5
0.9394370317459106
0.5
0.23252898454666138
0.23594379425048828
0.5
0.5
0.7816741466522217
0.5
0.765852689743042
0.5
0.913311779499054
0.04647219181060791
0.8041526079177856
0.8750109672546387
0.5
0.7883350849151611
0.5
0.5
0.5
0.15823161602020264
0.1934710443019867
0.5
0.7756696343421936
0.016762077808380127
0.7549718618392944
0.5
0.5
0.5
0.12670189142227173
0.5
0.8920196294784546
0.9795345067977905
0.9697046875953674
0.5
0.5
0.821497917175293
0.8052852153778076
0.7412552237510681
0.8945553302764893
0.5
0.8734802007675171
0.8094618916511536
0.5
0.1264268159866333
0.2280971109867096
0.5
0.8506870269775391
0.5
0.5
0.010624319314956665
0.5
0.09442061185836792
0.9126272797584534
0.8212047815322876
0.5
0.5
0.9480549693107605
0.5
0.5
0.8341278433799744
0.5
0.5
0.7710505723953247
0.9502497911453247
0.5
0.5
0.5
0.23721539974212646
0.9054635167121887
0.8541274070739746
0.5
0.9757363796234131
0.5
0.5
0.5
0.5
0.8770675659179688
0.5
0.8767799735069275
0.15002533793449402
0.14848023653030396
0.5
0.22218751907348633
0.20258399844169617
0.5
0.5
0.5
0.5
0.5
0.20202475786209106
0.5
0.5
0.5
0.5
0.5
0.5
0.7537075281143188
0.5
0.5
0.5
0.8936285972595215
0.03656318783760071
0.5
0.9406640529632568
0.8103760480880737
0.7926928997039795
0.9685325622558594
0.5
0.5
0.7574751973152161
0.5
0.3058885931968689
0.9056121706962585
0.9958628416061401
0.5
0.2226521372795105
0.749747633934021
0.5
0.06248435378074646
0.16600975394248962
0.5
0.5
0.5
0.5
0.9144861698150635
0.8628535270690918
0.5
0.5
0.8775246739387512
0.07907158136367798
0.5
0.5
0.9316487312316895
0.8161767721176147
0.5
0.5
0.5
0.9541612267494202
0.9024726152420044
0.5
0.5
0.5
0.8627350330352783
0.21900781989097595
0.8029730319976807
0.8187704086303711
0.5
0.5
0.5
0.9622581005096436
0.9053016901016235
0.5
0.009345799684524536
0.9136413931846619
0.5
0.9610775709152222
0.5
0.5
0.9715207815170288
0.5
0.8922277092933655
0.5
0.7608758211135864
0.5
0.8740794658660889
0.7268840670585632
0.9143344163894653
0.12931865453720093
0.5
0.5
0.5
0.9281740188598633
0.9946244955062866
0.5
0.11634400486946106
0.7966927289962769
0.5
0.5
0.5
0.5
0.5
0.5
0.1941394805908203
0.5
0.5
0.9700144529342651
0.5
0.70328289270401
0.2404746115207672
0.6985310316085815
0.5
0.10339668393135071
0.9091883897781372
0.5
0.8783649206161499
0.5
0.9401950836181641
0.5
0.5
0.5
0.5
0.8040597438812256
0.5
0.5
0.7560017108917236
0.1944553256034851
0.5
0.5
0.9280871748924255
0.5
0.5
0.23142153024673462
0.5
0.5
0.16019749641418457
0.5
0.5
0.5
0.5
0.5
0.9923866987228394
0.8158175945281982
0.5
0.9795410633087158
0.5
0.5
0.5
0.15537860989570618
0.27504122257232666
0.8373417854309082
0.5
0.5
0.5
0.5
0.5
0.5
0.5
0.23134610056877136
0.8206616044044495
0.5
0.5
0.24020272493362427
0.5
0.9108531475067139
0.5
0.5
0.5
0.5
0.5
0.8488610982894897
0.06852248311042786
0.5
0.5
0.5
0.5
0.5
0.5
0.5
0.5
0.5
0.9830920100212097
0.9431685209274292
0.05564168095588684
0.5
0.7885914444923401
0.14355668425559998
0.5
0.9198402166366577
0.5
0.5
0.17509469389915466
0.5
0.5
0.8927838802337646
0.5
0.9579837918281555
0.5
0.18679103255271912
0.5
0.8294695615768433
0.5
0.11533048748970032
0.5
0.9274334907531738
0.23251277208328247
0.5
0.5
0.9660322666168213
0.9492980241775513
0.7405661344528198
0.5
0.23121985793113708
0.5
0.5
0.5
0.21857154369354248
0.5
0.5
0.5
0.5
0.12843221426010132
0.5
0.9327642321586609
0.5
0.5
0.5
0.9235948324203491
0.2317255139350891
0.9724173545837402
0.5
0.5
0.5
0.7262114882469177
0.5
0.7013484239578247
0.9691178798675537
0.9166843891143799
0.9311705231666565
0.5
0.806572675704956
0.9877036213874817
0.5
0.5
0.5
0.5
0.5
0.9123222827911377
0.9928556680679321
0.8723183870315552
0.9489418268203735
0.8690570592880249
0.5
0.926885724067688
0.9819098711013794
0.5
0.11182695627212524
0.5
0.5
0.5
0.2157849371433258
0.5
0.9987685084342957
0.5
0.5
0.5
0.5
0.7345789074897766
0.8532969951629639
0.9080807566642761
0.5
0.5
0.5
0.11300837993621826
0.5
0.5
0.5
0.7632490396499634
0.5
0.5
0.5
0.5
0.5
0.9658046364784241
0.980510413646698
0.9419822692871094
0.21830829977989197
0.5
0.5
0.9336981773376465
0.21276593208312988
0.25450024008750916
0.09217146039009094
0.5
0.9141945242881775
0.5
0.8655293583869934
0.5
0.5
0.8381141424179077
0.5
0.5
0.8731282353401184
0.5
0.5
0.5
0.5
0.5
0.5
0.905583381652832
0.5
0.7429317235946655
0.9340332746505737
0.5
0.5
0.5
0.5
0.3020598888397217
0.9607488512992859
0.5
0.5
0.5
0.04718253016471863
0.5
0.7108502388000488
0.5
0.8509719371795654
0.9297338724136353
0.7484701871871948
0.5
0.5
0.5
0.5
0.5
0.5
0.8187819123268127
0.5
0.2196873426437378
0.5
0.5
0.5
0.8411089777946472
0.5
0.5
0.8876649141311646
0.6792882084846497
0.5
0.5
0.25029438734054565
0.8021105527877808
0.5
0.5
0.8289510011672974
0.8569718599319458
0.5
0.9483739733695984
0.8813490867614746
0.9809725880622864
0.8205136656761169
0.5
0.9460161328315735
0.8743669986724854
0.9854170083999634
0.21542978286743164
0.8758984804153442
0.7742522954940796
0.5
0.8117283582687378
0.9382802248001099
0.13743799924850464
0.9902427196502686
0.5
0.5
0.5
0.8029557466506958
0.5
0.5
0.5
0.8802300691604614
0.9123543500900269
0.7875164747238159
0.5
0.5
0.5
0.5
0.5
0.5
0.963262677192688
0.8421338796615601
0.5
0.9680688381195068
0.8991289138793945
0.7550356388092041
0.9996856451034546
0.9096402525901794
0.14735308289527893
0.5
0.5
0.8958575129508972
0.9892368912696838
0.5
0.7426400184631348
0.5
0.5
0.5
0.9373956918716431
0.5
0.5
0.8856021165847778
0.846812903881073
0.5
0.5
0.953855037689209
0.5
0.8350586295127869
0.23984497785568237
0.5
0.5
0.5
0.5
0.9508641362190247
0.8078572750091553
0.5
0.2637718915939331
0.10227572917938232
0.7981502413749695
0.984488844871521
0.5
0.027157634496688843
0.5
0.5
0.8984682559967041
0.9717674255371094
0.5
0.9748030304908752
0.5
0.7553101181983948
0.19108769297599792
0.868253231048584
0.5
0.7496930360794067
0.8862712383270264
0.5
0.5
0.9538321495056152
0.5
0.5
0.5
0.5
0.5
0.5
0.5
0.5
0.8117750883102417
0.5
0.5
0.5
0.9471752047538757
0.22095811367034912
0.5
0.13363373279571533
0.9740258455276489
0.5
0.5
0.9263194799423218
0.840962290763855
0.5
0.7832067608833313
0.270446240901947
0.5
0.886487603187561
0.2400314211845398
0.5
0.5
0.5
0.9639601707458496
0.5
0.9717264175415039
0.9827830195426941
0.8892781734466553
0.7045047879219055
0.9991965293884277
0.5
0.9290786385536194
0.5
0.9745301604270935
0.5
0.5
0.5
0.0849544107913971
0.888454794883728
0.5
0.5
0.5
0.5
0.7753024101257324
0.5
0.5
0.9540884494781494
0.5
0.5
0.5
0.5
0.954433798789978
0.24919524788856506
0.02541831135749817
0.9616795778274536
0.5
0.5
0.5
0.5
0.5
0.9008713364601135
0.5
0.5
0.8004623651504517
0.7067797780036926
0.5
0.9557908177375793
0.5
0.041527390480041504
0.5
0.9551360607147217
0.5
0.7370327711105347
0.8077566623687744
0.22181519865989685
0.832590639591217
0.8129093050956726
0.9511410593986511
0.5
0.5
0.5
0.8512493371963501
0.7383210062980652
0.5
0.5
0.5
0.5
0.5
0.9968997240066528
0.5
0.5
0.7213003635406494
0.5
0.5
0.5
0.5
0.10223060846328735
0.07913142442703247
0.5
0.8112584352493286
0.9189885854721069
0.5
0.5
0.8048717975616455
0.5
0.7753883004188538
0.0960911214351654
0.9233792424201965
0.5
0.5
0.5
0.5
0.9604043960571289
0.5
0.5
0.5
0.5
0.5
0.5
0.7876085042953491
0.2500459551811218
0.5
0.8113499879837036
0.5
0.5
0.5
0.5
0.8457260131835938
0.5
0.9938657283782959
0.8752468228340149
0.5
0.5
0.9997273683547974
0.5
0.5
0.9302688837051392
0.5
0.5
0.5
0.7857698202133179
0.5
0.7829647064208984
0.19588255882263184
0.5
0.5
0.5
0.5
0.5
0.7926397919654846
0.5
0.5
0.29871004819869995
0.5
0.8894054293632507
0.9803591370582581
0.5
0.5
0.9733569025993347
0.5
0.5
0.5
0.849881649017334
0.5
0.770907998085022
0.9538475275039673
0.5
0.1790350079536438
0.5
0.5
0.5
0.7560606002807617
0.5
0.5
0.5
0.5
0.9164814949035645
0.5
0.5
0.9024131894111633
0.03478288650512695
0.08303990960121155
0.15984705090522766
0.5
0.5
0.804756760597229
0.5
0.9348195195198059
0.5
0.5
0.5
0.9710581302642822
0.5
0.5
0.8074676394462585
0.5
0.8821886777877808
0.2562107443809509
0.5
0.7821269035339355
0.8916910290718079
0.5
0.007536143064498901
0.5
0.5
0.5
0.22453120350837708
0.07946169376373291
0.5
0.5
0.8987687826156616
0.5
0.5
0.20933490991592407
0.94947350025177
0.5
0.9294024705886841
0.5
0.23407796025276184
0.5
0.5
0.9933522939682007
0.735665500164032
0.9511847496032715
0.10456401109695435
0.5
0.5
0.9880175590515137
0.7973025441169739
0.5
0.8587833642959595
0.5
0.8732181787490845
0.0790555477142334
0.7210021615028381
0.9211698174476624
0.8229023814201355
0.8790583610534668
0.742329478263855
0.5
0.0730312168598175
0.23801296949386597
0.5
0.5
0.9919283390045166
0.22563421726226807
0.5
0.9362479448318481
0.9155639410018921
0.746492862701416
0.1722933053970337
0.07760986685752869
0.22144651412963867
0.5
0.19781586527824402
0.5
0.7681140303611755
0.679878830909729
0.5
0.5
0.7958084940910339
0.5
0.9107533693313599
0.2937672436237335
0.8597815036773682
0.5
0.5
0.5
0.06353211402893066
0.8337565660476685
0.7795431613922119
0.5
0.20553046464920044
0.5
0.8832240104675293
0.5
0.9040259122848511
0.9392790794372559
0.22595390677452087
0.5
0.5
0.1667807698249817
0.9815391302108765
0.5
0.9671574831008911
0.5
0.5
0.9120543599128723
0.5
0.18745848536491394
0.5
0.5
0.5
0.8733260035514832
0.5
0.23795166611671448
0.5
0.5
0.7561047077178955
0.7638424634933472
0.5
0.9849259257316589
0.8587833642959595
0.9540985822677612
0.9947800636291504
0.9612728953361511
0.9489305019378662
0.8369629383087158
0.5
0.5
0.9793900847434998
0.05952593684196472
0.11605468392372131
0.5
0.5
0.5
0.9424569606781006
0.5
0.27222204208374023
0.17807987332344055
0.5
0.8919854164123535
0.8121222257614136
0.8552854061126709
0.9113065004348755
0.2545080780982971
0.9792223572731018
0.9984297156333923
0.8255837559700012
0.9534958600997925
0.8810636401176453
0.5
0.17706525325775146
