0.6083333333333334
0.7
0.3916666666666667
0.675
0.0
0.6999999999999998
-0.3
0.0
-0.8000000000000002
0.625
-0.7999999999999999
0.10000000000000002
0.0
0.35
0.75
0.5625
0.42666666666666675
0.0
0.0
0.0
0.6006944444444444
0.0
0.5
0.0
0.8083333333333332
0.3352272727272727
-0.30000000000000004
0.0
0.0
0.0
0.04583333333333334
0.0
-0.15555555555555559
-0.8499999999999999
-0.7
0.35
0.2
0.47000000000000003
0.4666666666666666
0.1
0.5
0.0
0.39
0.5
0.3125
0.6166666666666667
0.47500000000000003
0.4
-0.5333333333333333
0.0
0.17045454545454544
0.39999999999999997
0.8333333333333334
0.1
-0.3333333333333333
0.0
0.08571428571428572
0.9333333333333332
0.0
-0.41875
0.4895833333333333
0.0
0.0
0.0
0.0
0.0
0.041666666666666685
-0.5
-0.6999999999999998
0.2
0.0
0.0
-0.6666666666666666
-0.325
0.77375
0.30250000000000005
-0.96875
0.0
-0.32
0.55
0.0
-0.75
0.07500000000000001
0.0
0.6125
0.5833333333333333
0.0
0.0
0.5
0.3194444444444444
0.21000000000000002
1.0
0.7000000000000001
0.1
0.775
0.05
-0.8583333333333331
0.5111111111111111
-0.3375
0.5083333333333333
1.0
0.54375
0.3125
0.0
0.0
0.8666666666666667
0.0
-0.19583333333333333
0.0
0.0
0.3
0.13636363636363635
0.0
-0.8
-0.355
0.0
0.28125
0.0
0.0
0.0
0.5599999999999999
-0.05
0.65125
0.44000000000000006
-0.5
0.1
-0.4
-0.8
0.0
0.32857142857142857
0.0
0.0
0.0
0.7812500000000001
-0.5
0.4
0.0
0.625
-0.5
0.2767857142857143
0.6666666666666666
0.0
0.7000000000000001
0.0
0.775
0.76
0.0
0.0
-0.0625
0.0
0.2
0.0
-0.7166666666666665
-0.039999999999999994
-0.35
0.8583333333333334
-1.0
-0.6000000000000001
-0.6299999999999999
0.10000000000000002
0.2
0.20714285714285716
0.2700000000000001
0.42666666666666664
0.23828125
0.2
0.10500000000000001
-0.07500000000000001
-0.6000000000000001
-0.7999999999999999
-1.0
-1.0
0.0
0.25
-0.25
0.08333333333333333
0.6083333333333334
-0.625
-0.4749999999999999
0.4
0.6375
0.25
0.46875
0.0
-0.6000000000000001
-1.0
0.9375
0.0
0.0
-0.6
0.35
0.0
0.2857142857142857
-0.38828125
0.0
0.0
-0.6999999999999998
-1.0
0.3833333333333333
-0.6279296875
0.8
0.8125
0.0
0.25
0.8125
0.325
0.6
-0.07142857142857142
0.5572916666666666
0.2375
0.05
0.0
-0.8
0.0
1.0
-0.2
0.5791666666666666
0.0
0.0
0.0
0.0
0.0
0.0
1.0
-0.8
0.35
0.0
0.0
0.0
0.13636363636363635
-0.4166666666666667
0.64375
-0.17306397306397306
0.0
0.7000000000000001
0.5
-0.4333333333333333
0.0
0.76
-0.6999999999999998
0.125
-0.525
0.008333333333333304
0.9375
-0.6666666666666666
0.0
-0.4285714285714286
0.0
0.4366666666666667
0.0
0.0
1.0
0.44000000000000006
0.1
0.0
-0.6468750000000001
0.0
0.6599999999999999
0.0
-0.1065340909090909
-0.8
0.31666666666666665
0.0
0.6833333333333332
0.6
0.0
0.125
0.9
0.8000000000000002
-0.6
-0.675
0.5
-0.75
0.0
0.0
-0.3
0.5750000000000001
0.9333333333333332
0.0
0.0
0.45555555555555555
0.56
-0.6999999999999998
-1.0
-0.5083333333333333
0.5728571428571428
0.7625000000000001
0.5700000000000001
0.0
0.0
0.15
0.2
0.9
0.6583333333333333
0.5
0.8
0.0
0.0
-0.39642857142857146
0.0
-0.8666666666666667
-0.11249999999999999
0.0
0.5800000000000001
0.8
0.4
1.0
1.0
0.5625
-0.8749999999999998
0.475
0.0
-0.125
0.0
0.0
0.0
0.2
0.0
0.5
0.55375
0.0
0.8
0.0
0.0
-0.4
0.26
0.0
0.0
1.0
0.5375
0.6333333333333333
-0.4
-0.325
0.0
0.85
0.0
0.0
0.77
0.0
0.5166666666666667
0.75
-0.016666666666666673
-0.16666666666666666
0.16666666666666666
-0.3
0.0
0.0
0.0
0.0
0.37
0.0
-0.15000000000000002
-0.46666666666666673
0.0
-0.75
0.0
0.2861742424242424
0.0
-0.03181818181818183
-0.3999999999999999
-0.18333333333333335
0.43333333333333335
0.0
0.43999999999999995
-0.5
-1.0
0.0
1.0
0.0
-0.06666666666666667
0.0
0.0
-0.25
0.125
0.6
0.2857142857142857
0.0
0.0
0.0
-0.625
1.0
0.3333333333333333
-0.10476190476190476
0.7333333333333334
0.033333333333333326
0.35555555555555557
0.0
0.43333333333333335
0.3333333333333333
0.0
0.0
0.375
0.2
0.18166666666666664
0.5
0.0
0.0
0.8662109375
0.0
-0.2
0.65
0.5
0.6
0.0
-0.39375
0.35
0.0
-0.15
0.8
0.0
-0.8
0.0
0.3666666666666667
0.0
0.3
-0.044444444444444446
-0.25
-0.012500000000000011
0.8
0.0
-0.6999999999999998
0.0
0.125
0.0
0.325
0.24285714285714285
0.0
0.0
0.0
0.0
-0.35
-0.25
0.6270833333333333
0.0
0.625
0.0
0.0
0.39999999999999997
-0.6999999999999998
1.0
0.0
0.8
0.0
0.509090909090909
0.5454545454545454
0.0
0.0
0.0
0.24375
0.2
0.0
0.0
0.0
-0.2
0.48333333333333334
0.0
0.6875
0.15
0.0
0.0
0.65
-0.2625
0.0
-0.18333333333333335
-0.8
0.7125
0.0
-0.20833333333333331
-0.4
-0.37499999999999994
0.06785714285714285
0.0
0.0
-0.6
0.0
0.0
0.25416666666666665
0.75
1.0
0.0
0.0
-0.15
-0.1
-0.4
0.25
-0.4
0.0
0.29166666666666663
-0.45
1.0
0.9
-0.75
0.0
-0.3
0.0
-0.75
0.0
-0.2916666666666667
0.0
1.0
0.0
0.4083333333333334
0.0
0.475
0.5
0.0
0.39999999999999997
0.640625
0.0
0.5
0.2
0.325
-0.04999999999999999
0.0
0.0
0.0
-0.16666666666666666
0.0
0.48888888888888893
0.0
0.0
0.13125
0.5
-0.4
0.46875
0.0
0.0
0.1
0.0
0.0
-0.25
0.690625
0.0
-0.48333333333333334
0.0
0.75
0.2607142857142857
-0.75
0.11111111111111115
-0.07500000000000001
0.9375
1.0
-0.31666666666666665
0.5
0.8
0.625
0.0
0.0
-0.4
0.0
0.0
0.0
0.11818181818181818
0.0
0.5
0.0
-0.325
0.375
0.6
0.0
0.09999999999999999
1.0
0.0
0.0
0.0
0.0
-0.23333333333333336
0.0
0.0
0.28125
0.0
0.5
0.0
-0.6
0.475
0.375
0.41666666666666663
0.7734375
0.0
0.15
-0.5499999999999999
0.5
0.037500000000000006
0.0
-0.35000000000000003
0.0
0.0
1.0
-0.4229166666666666
1.0
0.0
-0.8
0.0
-0.3333333333333333
-0.8
0.4357142857142858
-0.6
0.0
0.0
0.0
0.2833333333333333
0.55
0.375
-0.16666666666666666
0.0
0.0
-0.31851851851851853
-0.17500000000000002
0.0
0.0
0.1875
-0.1958333333333333
0.0
0.0
0.5
-0.125
0.0
0.7
0.2
0.0
-0.25
-0.03333333333333333
0.33749999999999997
0.0
0.55
0.043181818181818175
0.0
-0.2933333333333333
0.9
0.0
0.42777777777777776
0.0
0.75
-1.0
0.5
-0.25
0.375
0.0
-0.19583333333333333
0.0
0.25
-0.2
0.0
0.05
0.65
0.5
-0.4
0.1328125
0.5
0.15625
0.75
0.5
0.0
-0.18333333333333335
0.0
0.0
0.0
0.0
-0.15476190476190477
0.0
0.0
0.0
0.0
-0.5
0.0
0.7
0.875
0.275
0.5
0.0
0.0
0.25
0.27499999999999997
-1.0
0.0
0.25
0.0
0.0
0.0
0.32
0.0
0.5
0.06666666666666667
0.0
0.875
0.0
0.7
0.5666666666666667
0.0
1.0
-0.8
0.0
0.0
0.0
0.0
0.4125
0.47500000000000003
0.0
0.8
0.5
0.125
0.5
-0.6
0.0
0.0
0.0
0.0
0.0
-0.75
0.5625
0.0
-0.2
-0.7
0.5
0.0
0.0
0.0
-0.059999999999999984
0.0
-0.7874999999999999
-0.625
0.0
0.0
0.2857142857142857
-0.04285714285714286
-0.625
0.09027777777777779
0.10833333333333334
0.41818181818181815
0.5
0.35
0.058333333333333334
-0.25
0.0
-0.475
0.5666666666666667
-0.75
0.09999999999999998
0.4333333333333333
-0.375
0.453125
-1.0
0.0
-0.22499999999999998
-0.3458333333333333
0.9765625
0.425
0.16666666666666666
0.4
0.325
0.5
-0.8
-0.5499999999999999
0.0
0.36363636363636365
0.0
-0.275
0.0
0.5
-0.275
-0.05000000000000001
0.525
-0.30000000000000004
0.0
0.4583333333333333
0.0
-0.12380952380952381
0.0
0.0
0.0
-0.5666666666666665
0.6
0.0
0.0
-0.65
-0.08787878787878788
-0.3
0.35
0.5
0.0
0.0
0.0
0.4083333333333334
0.225
0.0
0.0
-0.340625
-0.033333333333333326
-0.2897727272727273
0.555
0.5
-0.525
-0.475
0.4375
0.0
0.29583333333333334
-0.4
0.3121212121212121
0.0
0.0
0.75
-0.12
0.0
0.0
0.475
0.0
0.0
1.0
0.04999999999999999
0.10833333333333339
-0.5166666666666667
0.0
0.0
-0.25
0.0
0.3203125
0.0
0.23333333333333336
0.625
-0.9333333333333332
-0.5
0.2333333333333333
0.0
0.34375
1.0
0.625
-0.75
0.6
-0.125
0.04999999999999999
0.21250000000000002
0.5
0.2125
0.5785714285714285
0.0
0.25
0.0
0.375
0.45
0.0
-0.03787878787878788
0.26666666666666666
0.5231818181818182
0.85
0.65
0.0
0.375
0.5
0.375
0.15
0.076171875
0.6953125
-0.129010989010989
0.0
1.0
-0.5
-0.02500000000000001
0.1875
-0.125
0.0
-0.625
1.0
0.0
0.8
0.4375
0.0
0.14999999999999997
0.5
0.625
0.0
-1.0
0.0
-0.275
0.0
0.0
0.8
0.4375
0.390625
1.0
0.125
0.8
0.0
0.25
-0.13333333333333333
0.8
-0.9375
-0.03333333333333335
0.4
0.5694444444444445
-0.16666666666666666
0.35
-0.06666666666666661
-0.2916666666666667
-0.41666666666666663
0.012121212121212116
-1.0
0.0
0.525
0.25
0.5416666666666667
1.0
0.46875
1.0
0.775
0.0
0.575
-0.4
0.25
0.12777777777777777
0.25
0.42500000000000004
0.25
-0.033333333333333326
0.5
0.525
0.475
0.1625
0.6666666666666666
0.5
0.5681818181818181
-0.05
0.033333333333333326
1.0
0.1
-0.3125
0.25
0.7
0.5
0.5
0.09999999999999998
0.5
0.5
0.2875
0.5
0.7
0.4666666666666666
0.4666666666666666
0.0
0.5
0.0
-0.36666666666666664
0.3852272727272727
-0.25
0.16666666666666666
-0.15000000000000002
0.0
-0.45833333333333337
0.0
0.0
0.3181818181818182
-0.14583333333333334
0.11111111111111112
0.5
0.5
0.5
0.5625
-0.24431818181818182
0.0
0.4375
0.28750000000000003
0.0
5.551115123125783e-17
0.5
-0.025
1.0
0.4
0.75
0.5568181818181818
0.75
0.75
0.13125
0.13636363636363635
0.128125
0.0
0.4285714285714286
0.0
0.0
0.11534090909090908
1.0
0.5
0.5
0.5681818181818181
0.0
0.2
0.0
0.7083333333333334
-0.15625
0.0
0.0
0.35
0.3090909090909091
0.5777777777777778
0.5777777777777778
0.7
-0.4
0.1393939393939394
0.0
0.5
0.78125
0.39999999999999997
0.0
0.0
1.0
0.0
0.5
0.0
0.05000000000000002
0.35
-0.09375
0.3023809523809524
1.0
0.5148148148148147
0.1
0.0
0.2888888888888889
1.0
0.5333333333333333
0.5
0.0
0.5
0.46875
-0.625
0.0
0.0
-0.7999999999999999
0.31
1.0
-0.5
-1.0
0.6000000000000001
0.5
0.15
0.6
-0.07500000000000001
0.875
0.0
0.25
0.31785714285714284
0.125
0.0
0.0
1.0
0.8
-0.4
-0.5
-0.3
0.1
0.3125
0.0
0.5
0.2
0.0
0.23333333333333336
0.6140625
0.0
0.0
-0.22500000000000003
0.3333333333333333
0.19999999999999998
0.0
-0.3
0.43333333333333335
0.04722222222222221
0.1
0.28964285714285715
-0.7
-0.4374999999999999
0.0
0.3125
0.625
0.8
0.25
0.0
0.6166666666666667
0.35
0.19
-0.22916666666666666
-0.375
0.10185185185185185
0.25
-0.9765625
0.55
0.14261363636363636
0.0
0.4375
0.15
0.5
0.16666666666666669
0.0
0.16666666666666666
0.0
0.0
0.0
-0.19999999999999998
0.5
0.0
0.4375
0.5
0.2041666666666667
0.65
0.6
0.5
0.32708333333333334
0.3375
0.35
0.5
0.6000000000000001
0.3558333333333333
0.0
0.4
0.15000000000000002
0.13636363636363635
0.775
-0.375
0.5333333333333333
0.275
0.525
0.4
0.6
0.0
0.0
-0.625
-0.3
0.2
0.0
0.08333333333333333
0.1
0.36160714285714285
0.625
-0.244140625
0.5
0.6000000000000001
0.10625000000000001
0.375
-0.1
0.4
0.0
0.5
0.6103515625
0.0
0.33482142857142855
0.0
0.0
0.48981481481481487
-0.3
0.4125
0.39999999999999997
0.253125
0.25
0.25
0.3125
1.0
0.0
0.0
0.20000000000000004
0.75
1.0
0.27499999999999997
0.175
0.5142857142857142
0.21944444444444444
0.02159090909090909
0.9
0.0
0.5
0.41
1.0
0.5
0.42806919642857144
0.0
0.5666666666666667
0.321875
-0.625
0.3814814814814815
0.8
-0.25
0.3
0.0
0.25
0.9375
0.59375
0.9375
1.0
0.37500000000000006
0.34375
0.5
0.13333333333333333
0.15
0.09999999999999998
0.25
0.525
0.27267857142857144
0.5
-0.07500000000000001
-0.9
0.0
-0.13181818181818183
0.0
0.26875
0.5033333333333333
0.4
0.15
0.2556818181818182
0.16666666666666666
0.25
0.5
-0.8749999999999998
-0.125
0.6000000000000001
0.0
0.15333333333333332
-0.08333333333333331
0.0
-0.2
0.35
0.11666666666666665
0.3375
0.45
0.35
0.37916666666666665
0.175
-0.2
0.0
0.5
-1.0
0.0
0.3
-0.08333333333333333
0.5
-0.32222222222222224
0.0
0.05
0.3181818181818182
0.55
1.0
0.0
0.0
-0.20833333333333334
0.0
0.14375
0.19999999999999998
-0.7999999999999999
1.0
0.0
0.5666666666666667
0.0
0.0
0.5
1.0
-0.25
0.25
-0.03181818181818183
0.5
-0.1375
0.0
-0.0625
0.9
0.6
0.0
-0.125
0.0
0.0
0.5
0.31428571428571433
0.4
0.6
-0.12626262626262627
0.0
0.2
0.5
0.5
0.0
-0.5
0.4194805194805195
0.0
0.8
0.15
0.0
0.2778409090909091
-0.8
1.0
0.75
0.0
-0.05
0.5
-0.3
-0.15
-0.03181818181818183
-0.30000000000000004
-0.8
0.0
-0.3
-0.5
0.0
0.625
1.0
-0.04810606060606062
0.5
0.365
-0.21666666666666667
0.5
0.3125
0.46875
0.25
1.0
-0.5
-0.625
0.0
-0.525
0.46875
0.0
0.6
0.5
0.08
0.5
0.78125
0.5
0.4166666666666667
-0.10714285714285715
0.21666666666666667
0.5
-0.4
-0.05
0.20000000000000004
0.18333333333333335
0.21875
0.5
0.30000000000000004
0.3
0.875
0.1
0.7500000000000001
0.6
-0.3333333333333333
-0.15000000000000002
0.2
-0.15000000000000002
-0.5
0.5
0.48828125
0.8125
0.75
0.3125
0.21428571428571427
1.0
1.0
0.5
0.47000000000000003
0.5
0.011111111111111118
0.8
0.34659090909090906
0.0
-0.3
1.0
0.0625
0.8
-0.4
0.0
-0.27083333333333337
0.21666666666666667
0.5
0.266162109375
-0.7999999999999999
0.46875
0.0
-0.1
0.675
0.0
0.15833333333333333
-0.4
-0.024999999999999994
-0.04444444444444443
-0.19166666666666665
0.4694444444444444
0.0
0.3125
1.0
0.61875
0.0
0.0
0.4166666666666667
0.625
0.20000000000000004
-0.05
1.0
1.0
0.625
0.5
0.5
0.0
0.0
0.0
0.0
0.0
0.475
-0.4
1.0
-0.06875
0.0
0.2619047619047619
0.45625000000000004
-0.15
0.4895833333333333
-0.7333333333333334
1.0
0.2681818181818182
0.0
-0.11406249999999998
0.0
1.0
-0.675
-0.05
0.5
0.0
0.5
-0.03977272727272728
0.0
0.35
0.0
0.19999999999999998
0.25
0.0
0.5416666666666666
0.5083333333333333
0.5416666666666666
0.5833333333333333
0.6354166666666666
0.5416666666666666
1.0
1.0
1.0
1.0
1.0
-0.9999999999999999
-0.7999999999999999
-0.9999999999999999
-1.0
-1.0
-1.0
-1.0
-0.8
-1.0
-1.0
-1.0
0.0
0.0
0.0
0.0
0.0
0.41666666666666663
0.5000000000000001
0.44000000000000006
0.5000000000000001
0.5750000000000001
0.6
0.5
0.4
0.5
0.625
0.78125
0.3541666666666667
0.8125
0.75
0.8125
0.890625
0.98828125
0.8125
-0.75
-0.6000000000000001
-0.75
-0.8125
-0.890625
-0.75
-0.25
-0.25
-0.25
-0.25
-0.25
-0.5
0.875
0.7
0.875
1.0
1.0
0.875
0.5
0.7458333333333332
0.0
0.5375
0.0
-0.2333333333333333
-0.325
0.5499999999999999
0.3
0.3
1.0
0.33999999999999997
0.6
0.6625
0.2
0.0
0.0
0.1
0.475
0.0
0.0
0.625
-0.02500000000000005
-0.35
0.625
0.25
0.16666666666666669
0.2916666666666667
-0.8
1.0
0.5
0.27777777777777773
0.24
0.0
-0.35
0.0
0.25
0.48828125
-0.2
0.0
0.07777777777777779
-0.18333333333333326
1.0
0.5
0.13333333333333333
0.375
0.0
-0.05
0.06666666666666667
0.2
0.8
0.19318181818181818
0.3
0.18819444444444444
0.5
0.3
0.5
0.5
0.425
0.028124999999999983
0.25
0.0
0.3125
0.0
0.13721590909090908
0.65625
0.2928571428571428
0.05833333333333333
0.5
0.4
0.0
0.5
0.6875
0.5
0.07499999999999998
0.9
0.21111111111111114
0.25
0.0
0.3333333333333333
-0.06666666666666665
0.75
0.5
0.0
1.0
0.625
-0.175
-0.78125
0.5
0.25
0.0
0.29166666666666663
0.0
0.5
1.0
0.25
0.0
0.4375
1.0
0.5
1.0
0.13333333333333333
0.45
0.3
-0.5
1.0
0.3666666666666667
-0.3333333333333333
0.0
0.375
0.1875
0.4333333333333333
0.8
0.125
0.0
0.590625
0.5340909090909091
0.0
-0.9999999999999999
0.0
0.0
0.0
0.053571428571428575
0.25
0.4
0.3125
0.4
0.8
-0.39583333333333337
0.0
-0.0625
0.75
0.1
0.0
0.037500000000000006
0.25
-0.024999999999999994
0.2
0.0
0.0
0.16818181818181818
0.625
0.5
0.0
0.15999999999999998
0.0
0.08333333333333333
0.13333333333333333
0.35
0.061111111111111116
1.0
0.0
0.0
0.0
0.1625
0.3375
0.8
0.35
0.0375
-0.2875
0.0
-1.0
0.25
0.0
0.3
0.0
0.3416666666666667
0.7
0.2
0.049999999999999996
0.2
0.0
-0.3725
0.375
0.6
0.5
-0.4
0.8
0.08472222222222221
1.850371707708594e-17
-0.16666666666666666
0.0
0.0
0.0
0.0
0.5
0.6
-0.1
0.425
0.4875
0.5
0.55
0.2333333333333333
0.625
0.1875
0.0
-0.6375000000000001
0.5
-0.875
0.2
0.675
0.22499999999999998
0.35
0.7
0.75
-0.14999999999999997
0.35
-0.08333333333333333
0.5
0.0
-0.4
0.15
0.0
0.0
-0.625
-0.125
-0.07142857142857142
0.3181818181818182
0.0
-0.16666666666666666
-0.6
0.24318181818181817
0.25
0.0
0.5
0.0
0.78125
0.19791666666666669
-0.13333333333333325
0.21458333333333335
0.5872727272727273
-0.7142857142857143
-0.3125
0.0
-0.05
0.0
0.6
0.5
0.27499999999999997
0.0
-0.07142857142857144
0.0
0.19374999999999998
0.425
-0.016666666666666677
0.0
-0.05000000000000001
0.0
-0.15714285714285714
0.2089285714285714
0.0
0.0
0.25
1.0
0.75
1.0
-0.25
0.0
0.125
0.3333333333333333
-0.0125
-0.45
0.4583333333333333
-0.175
0.0
0.3375
0.0
0.0
0.0
0.15
-0.75
-0.024999999999999994
-0.75
-0.625
0.12000000000000004
-0.5
0.0
1.0
0.8
0.5
-0.6999999999999998
-0.3333333333333333
-0.4
0.6875
0.0
0.09999999999999998
0.4285714285714286
-0.15555555555555559
0.0
0.08333333333333333
0.5750000000000001
0.3125
1.0
0.0
0.0
0.0
-0.875
0.0
1.0
0.0
-0.2
0.0
-0.75
0.6
0.0
0.04999999999999999
-0.2571428571428571
0.3166666666666667
0.0
0.10416666666666666
-0.3
0.44999999999999996
0.7999999999999999
0.5166666666666667
0.375
0.45416666666666666
-0.9765625
0.85
-0.05
0.5
0.25
0.0
0.0
0.0
0.0
0.25
0.375
0.875
0.023214285714285687
0.5
0.4125
0.0
0.0
0.0
0.0
0.0
0.0
0.0
0.0
0.0
0.0
1.0
1.0
1.0
1.0
1.0
0.0
0.0
0.0
0.0
0.0
0.805
0.76
0.805
0.83625
0.8753125
0.805
-0.775390625
-0.525
-0.775390625
-0.8515625
-0.939453125
-0.5536458333333334
1.0
1.0
1.0
1.0
1.0
0.475
0.44000000000000006
0.475
0.51875
0.5734375
0.475
-0.75
-0.75
-0.75
-0.75
-0.75
-0.75
0.6
0.5700000000000001
0.6
0.6
0.6
0.0
0.0
0.0
0.0
0.0
0.08409090909090908
0.06818181818181818
0.0
0.0
0.5
1.0
0.0
0.0
-0.25
0.0
0.6
0.4
0.0
0.125
0.5
0.6
0.65
0.5
0.0
-0.07500000000000001
0.8
0.0
0.16999999999999998
0.5875
0.0
0.0
-0.375
-0.10555555555555556
0.25
-0.5097222222222223
0.4375
0.0
-0.3333333333333333
0.6
0.0
-0.375
0.275
0.20000000000000004
0.03148148148148147
0.3
-0.3333333333333333
0.43333333333333335
0.22499999999999998
0.0
0.2
0.0
-0.15000000000000002
0.625
0.31666666666666665
-0.5
0.4375
0.5750000000000001
0.44999999999999996
0.1
-0.1911111111111111
-0.11666666666666665
-0.08928571428571429
0.25
-0.3333333333333333
-0.15
0.0
0.7
1.0
-0.4
0.0
0.08333333333333334
0.0
0.05
0.0
0.4875
0.1
0.5666666666666667
0.5
0.75
-0.375
0.1
0.71875
0.5
0.11818181818181818
-0.5
0.0
0.575
0.033333333333333326
0.7
0.7
0.7
0.42500000000000004
0.1
0.7333333333333334
0.43333333333333335
0.4
0.03333333333333333
0.75
0.325
0.5
0.3
0.25
0.25
0.3
-0.24999999999999992
0.5
0.35
0.4222222222222222
1.0
0.0
0.175
0.1625
-0.025
0.0
0.5
-0.8
0.3
0.15
0.0
0.0
0.0
0.5
0.5666666666666667
0.7166666666666667
0.11666666666666665
0.5
-0.2
0.7
-0.375
0.8
0.09523809523809523
0.0
0.4670833333333333
-0.04166666666666666
0.5
-0.3
0.0
0.625
0.19333333333333333
0.375
0.75
-0.03636363636363636
0.43333333333333335
0.0
-0.375
0.0
0.1
0.8
0.0
0.0
0.8
0.5
0.6428571428571428
0.3125
0.75
0.25
0.5
0.25
0.425
0.5625
0.675
0.27878787878787875
0.6833333333333332
0.475
0.3181818181818182
0.44999999999999996
0.875
0.5
0.35
0.25
-0.08333333333333333
0.5
0.6
0.43333333333333335
0.25
0.5
0.3666666666666667
0.61875
0.65
0.16666666666666666
-0.275
0.0
0.16666666666666669
0.5
0.0
0.0
0.55
0.7
0.0
-0.09722222222222224
-0.34375
-0.43333333333333324
0.0
0.10000000000000002
0.0
-0.2
-0.3
0.0
0.0
-1.0
0.13636363636363635
0.0
0.21428571428571427
0.4666666666666666
0.35
0.25
0.3481481481481481
0.25
-0.375
0.24791666666666667
0.0
0.16666666666666669
1.0
1.0
1.0
0.26666666666666666
0.44166666666666665
-0.625
-0.3333333333333333
0.0
0.4875
0.5
-0.125
-0.3125
0.525
0.2
0.625
-0.03181818181818183
0.25
0.625
0.35
0.3
0.5
0.04545454545454545
0.5
0.3333333333333333
0.25
0.5
0.0
0.5
0.25
0.5
0.0
0.041666666666666664
0.5
-0.3
1.0
0.6
-0.25
0.0
0.6000000000000001
0.25
0.375
0.0
0.75
0.425
0.0
-0.2
0.7
0.375
-0.4125
0.5125
0.4
0.25
0.5
0.3333333333333333
0.5
0.17777777777777778
0.6875
0.5037878787878788
0.23333333333333334
-0.07692307692307693
0.0
0.0
0.8
0.409375
0.4
0.06
0.3
-0.3625
-0.125
0.0
0.5
0.8
0.0625
0.43333333333333335
0.5
0.9375
0.625
0.625
0.16117424242424241
0.06666666666666668
0.8
-0.2
0.5
0.7
0.3125
0.5
0.0
0.15000000000000002
0.0
-0.45
0.0
-0.2
0.7
-0.13333333333333333
0.75
0.0
-0.5
0.2
0.0
0.18333333333333335
-0.6499999999999999
0.25
0.0
0.15625
0.2833333333333333
0.0
1.0
-0.5
0.0
0.125
-0.325
0.0
-0.3499999999999999
0.1
0.25
-0.15625
0.14444444444444446
0.6499999999999999
0.46875
0.0
0.0
0.35
0.3954545454545455
0.46875
0.2
0.5
0.3
-0.29464285714285704
0.27777777777777773
0.625
0.3
0.0
0.0
0.0
0.0
0.0
0.125
-0.7875
-0.7
-0.7875
-0.85
-0.85
-0.85
0.2848484848484848
0.0
0.37916666666666665
0.625
-0.4125
0.0
0.0
-0.2916666666666667
0.8138020833333331
0.0
0.07916666666666668
0.30000000000000004
0.4375
0.35000000000000003
0.625
0.2833333333333334
0.43333333333333335
0.34750000000000003
0.0
0.5625
0.5
0.16666666666666666
0.0
0.0
0.0
0.5375
0.25
-0.022222222222222237
0.0
0.0
-0.4
0.0
0.1375
1.0
0.2
0.002083333333333326
0.43333333333333335
0.25
-0.5
1.0
0.3678571428571429
0.04999999999999999
0.5
0.18333333333333335
0.4375
0.0
0.08333333333333333
0.0
1.0
-0.125
0.18229166666666669
0.006944444444444457
0.1875
0.18888888888888888
0.0
0.2
0.8
0.0
-0.125
-0.2
0.5
0.0
0.4
0.6666666666666666
0.1875
0.625
0.0
0.6875
0.25
0.75
0.31666666666666665
-0.525
1.0
0.2857142857142857
-0.09999999999999998
0.5495535714285714
0.75
0.10714285714285714
0.0
0.385
-0.125
0.375
0.25
0.0
0.0
0.7
0.6125
0.2
-0.05
0.5
-0.5
0.0
-0.25
0.0
0.02777777777777779
0.8
0.43333333333333335
-0.009374999999999994
0.31666666666666665
-0.12666666666666668
0.1
0.2833333333333333
0.5
0.0
0.0
0.5
0.0
0.55
-0.05
0.3125
-0.8
0.5
1.0
0.0
1.0
-0.35
0.3181818181818182
0.8
0.5666666666666667
0.13636363636363635
0.19999999999999998
0.033333333333333326
0.3333333333333333
0.2372727272727273
0.5
0.0
0.3181818181818182
0.3
0.0
0.7
0.375
-0.2
0.24999999999999997
0.4454545454545455
-0.04999999999999999
0.36893939393939396
0.4133333333333333
-0.5
-0.8
0.0
0.35416666666666663
0.6666666666666666
0.0
0.5
-0.625
0.0
0.5
0.075
0.325
-0.10000000000000002
0.2
0.0
0.625
0.0625
0.611111111111111
0.0
0.11250000000000002
0.0
0.36927272727272725
0.15416666666666667
0.0
-0.375
-0.4
1.0
0.6
0.0
0.0
0.0
0.5
0.125
0.5
0.0
0.5
0.5
0.65
0.0
0.0
0.0
0.5
0.5
0.5
0.0
0.13333333333333333
0.0
0.8
0.25
-0.19523809523809524
0.25
0.0
-0.14444444444444446
0.0
0.0
0.2611111111111111
0.9
0.5
0.0
0.0
0.0
0.4
0.5160714285714286
0.425
0.5
-1.0
0.4
0.0
0.0
-0.146875
-0.0625
0.0
0.20416666666666664
0.0
0.25544507575757575
-0.20000000000000004
0.0
0.3541666666666667
0.5
0.175
0.15
-0.25
-0.5
0.7500000000000001
0.5
0.2333333333333333
0.0857142857142857
0.875
0.35
-0.2
-0.5
0.2333333333333333
-0.15
0.0
-0.15555555555555559
0.32499999999999996
0.5
0.0
0.8
-0.09861111111111112
0.5
0.29166666666666663
-0.45833333333333337
-0.13333333333333333
-0.4
-0.3
-0.16666666666666666
0.25
0.10000000000000005
-0.05
0.5
0.0909090909090909
0.06818181818181818
0.0
0.4041666666666666
0.3181818181818182
0.65625
-0.2
0.3
0.05
0.275
-0.33181818181818185
0.4
0.13541666666666669
0.5958333333333333
0.0
0.25
0.48437500000000006
0.8
0.0
0.0
0.234375
-0.2722222222222222
0.7
0.0
-0.08333333333333333
0.3111111111111111
0.3
0.18461538461538463
0.26875
0.6
0.45
0.6041666666666666
0.5
0.6458333333333334
0.32666666666666666
1.0
0.21212121212121213
1.0
0.0
0.0
0.6
0.25
0.5125
-0.3333333333333333
0.3666666666666667
0.021590909090909077
0.0
0.5568181818181818
0.6333333333333333
0.5
0.4375
-0.6875
0.0
0.0
0.625
0.0
0.0
0.21111111111111114
0.175
0.0
0.5
0.6
0.25833333333333336
0.0
0.5
0.5
0.5
0.5
0.5625
-0.1
0.2
-0.3
0.75
0.4375
0.5
0.7
0.3125
-0.125
0.25
0.0
0.3565340909090909
0.25
-1.0
0.0
0.0
-0.125
0.16666666666666666
0.2333333333333333
0.35
0.5
1.0
0.3333333333333333
-0.12121212121212122
-0.033333333333333326
0.8
0.5
0.2333333333333333
0.3125
-0.1
0.0
0.8
-0.125
1.0
0.14999999999999997
0.3
0.1
0.4666666666666666
-0.25
0.5
-0.2888888888888888
0.0
0.13636363636363635
0.4305555555555556
0.0
0.35
1.0
0.17045454545454544
0.0
0.4
-0.04999999999999999
0.48750000000000004
-0.15833333333333327
0.175
0.0
0.0
0.7333333333333334
0.2953125
0.34285714285714286
0.7
0.47440476190476183
0.0
0.0
0.3565340909090909
0.0
0.0
0.03333333333333333
0.45
0.20714285714285713
0.2
0.0
0.85625
0.7
0.25
1.0
0.5583333333333333
-0.3
0.5
0.10000000000000002
0.6000000000000001
0.35
0.13636363636363635
0.5
-0.3046875
0.1
1.0
1.0
-0.4583333333333333
0.32516233766233765
0.13986013986013984
-0.4
0.3125
0.41818181818181815
0.1
0.625
0.0
0.0
0.016666666666666666
0.5
0.78125
0.3
0.5
0.0
0.4
0.0
-0.6
0.22916666666666666
1.0
-0.3333333333333333
0.5
-0.15555555555555559
0.16666666666666666
0.125
-0.08333333333333333
0.5
-0.25
0.44166666666666665
-0.4
0.25
0.5
0.25
0.5
0.0
0.4
0.6000000000000001
-0.4
0.25
0.5875
0.5
0.033333333333333326
0.35
0.25
0.5
0.375
0.4166666666666667
0.09583333333333335
0.5
0.0
0.0
-0.325
0.0
0.15
-0.15000000000000002
-0.15000000000000002
-0.4
0.0
0.25
0.5
0.0
0.25
0.19285714285714284
0.575
0.8
0.0
0.4681818181818182
0.9
0.5499999999999999
1.0
0.0
0.0
0.2333333333333333
-0.25
0.0
0.8
1.0
0.8
0.0
0.3333333333333333
-0.07499999999999998
0.2
0.05
0.1
0.75
0.225
0.4681818181818182
0.3888888888888889
0.2708333333333333
0.6
0.0
0.0
0.8
0.19999999999999998
0.2215909090909091
-0.5
0.5
0.41111111111111115
-0.75
0.3666666666666667
0.4375
0.8
0.0
0.2928571428571428
0.3
0.26666666666666666
0.5
-0.2333333333333333
0.05
0.6000000000000001
0.471
0.13636363636363635
0.575
0.5666666666666667
0.25
0.0
0.0
1.0
0.0
0.0
0.5
-0.225
0.8
-0.3
0.25
-0.5
0.0
0.0
-0.25
0.2
0.125
0.3125
0.0
0.14166666666666666
0.0
0.31666666666666665
0.0
0.0
-0.1
0.7
-0.3333333333333333
0.5
0.0
0.0
0.0
-0.1875
-0.16500000000000004
0.0
-0.025000000000000022
0.0
0.0625
0.39999999999999997
0.625
0.4
-0.1263888888888889
0.35
0.0
-0.15
0.25
0.0
0.5
0.05
-0.1
1.0
-0.390625
0.0
0.5
0.0
0.75
0.20833333333333331
0.13333333333333333
0.5
-0.4
0.35
0.8
-0.2
0.0
0.875
0.2
0.2333333333333333
-0.23333333333333328
0.35
0.4
0.0
0.225
0.25
0.16666666666666669
-0.2
0.6666666666666666
0.0
0.75
0.2583333333333333
0.625
0.20833333333333334
0.5
0.4375
-0.30000000000000004
-0.25
0.0
-0.05
0.0
0.65
0.35000000000000003
0.4
0.7
0.2
0.26704545454545453
0.5
0.5
0.75
0.2333333333333333
0.875
0.0
0.6
0.475
0.1708333333333333
0.6
1.0
0.9333333333333332
1.0
1.0
1.0
1.0
1.0
0.13636363636363635
-0.5
0.5
-0.4
0.6
1.0
0.7
-0.15000000000000002
0.5
0.25
0.4666666666666666
0.15833333333333335
0.15000000000000002
-0.20000000000000004
0.3333333333333333
0.31
0.35
0.41629464285714285
0.6
-0.3
0.25
-0.5
0.37878787878787873
0.0
0.8
1.0
0.32708333333333334
0.5
0.2888888888888889
0.625
-0.2833333333333333
0.75
0.5
0.75
0.59375
0.02777777777777778
0.4
0.13333333333333333
0.7
1.0
0.25
0.32222222222222224
0.44375
0.0
0.65625
0.6458333333333334
0.2565656565656566
0.4954545454545454
0.13636363636363635
-0.375
-0.6
0.375
0.1
0.25
-0.375
0.0
0.5
0.2333333333333333
0.6111111111111112
0.0
0.5
0.13636363636363635
0.2222222222222222
0.375
-0.13333333333333333
0.75
0.0
0.0
0.34659090909090906
0.3
0.8
0.0
-0.15000000000000002
0.3
-0.5
0.8
0.7
0.35
-0.6999999999999998
0.0
0.0
0.5
-0.2
0.025000000000000005
0.4583333333333333
0.525
0.0
0.2
0.0
0.0
0.65
0.6
0.0
0.0
1.0
0.0
-0.04999999999999999
0.6
1.0
0.5333333333333333
0.8
-0.55
0.375
0.0
0.05
-0.75
-1.0
-0.15555555555555559
-0.4
0.0
0.3888888888888889
0.2
0.16499999999999998
0.2972222222222223
-0.575
-0.7166666666666665
0.0
0.0
-0.27083333333333337
1.0
0.5
0.475
-0.3125
1.0
0.0
-0.75
0.0
0.0
0.5
0.7
-0.5
-0.125
-0.2
1.0
0.15625
0.7
0.35
0.625
0.25
0.3
0.2375
0.5
0.35
0.8
0.03333333333333333
0.35
0.21875
0.0
-0.06666666666666665
0.0
0.05
-0.3125
0.1
0.0
0.25
0.25
0.75
0.44999999999999996
0.012500000000000011
0.02777777777777778
-0.275
-0.25
0.4089285714285714
0.32499999999999996
0.03333333333333333
-0.475
0.16125
0.2
0.35714285714285715
-0.5
0.2375
0.5750000000000001
0.37878787878787873
0.012500000000000011
0.0
0.10606060606060606
0.14285714285714285
1.0
0.6
0.5
0.06944444444444446
0.3
0.675
0.03333333333333333
0.6000000000000001
0.16666666666666666
0.2041666666666667
0.0
0.75
0.625
0.625
-1.0
-0.125
0.625
-0.2375
0.0
0.5208333333333334
0.0
-0.2
0.53955078125
0.0
0.2
0.2875
0.2625
0.225
0.017142857142857137
1.0
0.125
0.2
-0.1
0.0
-0.7249999999999999
-0.675
0.5
0.625
0.0625
-0.016666666666666666
0.2
-0.35714285714285715
-0.07765151515151517
0.2
0.2
0.0
0.0
0.0
0.7
0.0
0.46875
0.0
0.0
-0.5
0.5333333333333333
0.26666666666666666
0.5666666666666667
1.0
0.1625
0.55625
-0.8
-0.5
0.5166666666666666
-0.024999999999999994
0.0
0.0
1.0
0.5
0.675
0.09765625
0.8
0.037500000000000006
-0.1
0.0
0.0
0.525
0.25
-0.08333333333333333
0.0
0.0
-0.30000000000000004
0.0625
0.55
0.16666666666666666
0.1875
0.275
0.0
0.375
0.525
0.625
0.0
0.0
0.0
0.5
0.0
0.0
0.5
0.7
0.5
-0.16666666666666666
0.3
0.05
0.0
0.375
0.1625
0.15625
1.0
1.0
0.4375
0.0
0.5
0.5
0.25
1.0
-0.49999999999999994
1.0
0.3565340909090909
0.0
0.3572727272727273
-0.15000000000000002
0.32708333333333334
0.4
0.0
0.04999999999999999
0.35836038961038963
1.0
0.625
0.25
0.375
0.0
1.0
0.25
-0.5333333333333333
0.0
0.6375000000000001
-0.23888888888888885
0.65
0.8
0.0
0.0
0.4
0.5
0.5
1.0
0.0
0.4000000000000001
0.5
0.490625
0.725
0.0
0.0625
0.0
0.5
0.5
0.5
0.65
0.0
-0.16666666666666669
0.5
-0.3
0.9
0.04149305555555558
1.0
0.68359375
0.0
0.5681818181818181
1.0
0.25
-0.4609375
-0.41875
-0.4609375
-0.513671875
-0.57958984375
-0.4609375
-0.3375
-0.3
-0.3375
-0.384375
-0.44296875
-0.3375
0.0
1.0
-0.75
-0.75
0.3
0.25
0.037500000000000006
0.0
0.0
-0.75
0.6
0.0
0.16666666666666666
0.6
0.0
0.625
0.5
0.0
0.8125
0.7000000000000001
0.43333333333333335
0.0
0.09999999999999999
0.0
-0.275
1.0
0.06818181818181818
0.125
0.25
-0.23055555555555554
-0.07777777777777779
0.6
0.5
0.6000000000000001
0.7000000000000001
0.65
-0.1875
0.48333333333333334
0.725
0.0
-0.5
0.0
0.0
-0.4749999999999999
0.4666666666666666
0.0
0.35000000000000003
0.0
-0.21666666666666667
0.2571428571428572
0.626736111111111
1.0
-0.04375000000000001
0.5
-0.1
0.2333333333333333
0.8
-0.25
0.5
0.0
0.2
0.0
-0.09166666666666667
0.0
0.375
-0.5
0.30000000000000004
-0.5
0.5
0.0
0.3333333333333333
0.45499999999999996
0.0
0.0
0.0
1.0
1.0
0.625
0.5954545454545455
0.0
0.6035714285714285
0.625
0.6
0.8
0.0
-0.015625
0.0
0.0
0.0
0.0
1.0
1.0
0.6
0.48828125
0.0
0.40625
0.3
1.0
0.5
0.31666666666666665
0.14285714285714285
1.0
0.0
0.5
0.8
0.08333333333333333
0.4000000000000001
1.0
-0.16666666666666666
0.1875
0.2681818181818182
0.0
1.0
0.0
0.5
-0.5
0.49015151515151517
0.3625
0.0
1.0
-0.08333333333333333
0.1520833333333333
0.0
0.5
-0.2
0.0
0.41904761904761906
0.05
0.0
0.6
0.5416666666666667
0.15
0.0
0.14285714285714285
-0.16666666666666666
0.4
0.5
0.0
-0.07500000000000001
0.05
0.5499999999999999
0.0
-0.4
0.7
0.7
0.0
0.5
0.1
0.1
0.0
0.8
0.3
0.3
-0.024999999999999994
0.0
0.675
-0.75
0.0
0.38666666666666666
-0.3333333333333333
-0.75
0.2619047619047619
0.037500000000000006
0.4595170454545454
0.9765625
1.0
0.732421875
0.2416666666666667
-0.10714285714285715
-1.0
0.0
0.6
-0.8749999999999998
0.020833333333333343
0.2
0.0
0.2
1.0
0.09999999999999999
-0.2916666666666666
0.0
0.5
0.6
0.3125
0.75
0.3125
0.30000000000000004
0.75
0.0
0.75
0.5
-0.016666666666666663
0.5
-0.4
0.0
0.0
0.47714285714285715
0.5
-0.4
0.7000000000000001
0.0
0.5121212121212121
0.37222222222222223
0.8
0.0
0.4055555555555556
0.7000000000000001
0.5
0.9375
0.675
0.39999999999999997
0.1875
0.39999999999999997
0.0
0.25
0.20653409090909092
0.3125
0.3
0.3
0.16666666666666666
0.35
0.0
0.4375
-0.3
0.75
0.31212121212121213
0.55
0.625
0.31666666666666665
0.5
0.3242424242424242
0.61875
0.3523809523809524
0.8125
0.18333333333333332
0.1
0.0
0.0
1.0
0.0
0.8
0.25
-0.32
0.35416666666666663
0.8
0.25
0.125
0.19242424242424244
-0.2833333333333333
0.0
0.0
0.475
0.4166666666666667
-0.4
0.3125
-0.5
0.25
0.25
0.0
0.7
0.55
-1.0
0.9
0.19999999999999998
0.15625
0.3166666666666667
-0.09375
0.8
0.13333333333333336
-0.75
0.425
-0.09999999999999998
0.5958333333333333
0.2857142857142857
0.0
0.25
0.475
0.0
0.0
0.35
0.3
-0.325
0.3
0.125
0.0
0.5
0.75
0.0
-0.6
0.8604166666666666
0.0
0.425
0.0
0.7
0.5
0.43437500000000007
0.3181818181818182
0.39999999999999997
0.0
-0.8
-0.625
0.1
-0.25
0.375
0.25
0.5
-0.04666666666666666
0.5333333333333333
0.5
0.18333333333333335
-0.5
0.375
0.5
0.8
0.5428571428571429
1.0
0.015909090909090907
0.40909090909090906
0.375
0.0
-0.041666666666666664
-0.5
0.0
0.25
-0.375
0.75
0.0
-0.75
-0.75
0.3
0.0
0.2
0.0
-0.732421875
-0.030934343434343398
0.8
0.8
-0.7083333333333334
-0.6666666666666666
-0.7083333333333334
-0.7604166666666666
-0.8255208333333334
0.3125
0.06818181818181818
0.8
0.5
-0.05000000000000001
0.0
0.45499999999999996
-0.30000000000000004
1.0
0.3333333333333333
-0.24166666666666667
0.0
0.0
0.7790178571428571
0.0
0.0
0.1340909090909091
1.0
-0.625
0.45
-0.05
0.05000000000000002
0.5
0.8
0.8
0.15000000000000002
0.8
-0.3833333333333333
-0.3625
0.1
0.8
-0.18333333333333335
0.5666666666666667
0.9375
0.5
0.39999999999999997
-1.0
0.5666666666666667
0.8375
0.0
0.5
0.46875
0.33749999999999997
0.5166666666666667
0.8
0.3125
0.6
0.7
0.04699074074074074
0.475
0.0
0.6083333333333333
0.14981060606060606
0.11220238095238096
0.7
0.5
0.4340909090909091
0.0
0.6875
0.18333333333333335
-0.0757575757575758
-0.125
-0.2
0.5
0.13636363636363635
0.44999999999999996
0.2
-0.25
-0.08806818181818182
0.4166666666666667
0.09999999999999998
-0.55
-0.09375
0.042857142857142844
1.0
0.0
0.26666666666666666
0.4234848484848485
0.43333333333333335
0.3091666666666667
0.29523809523809524
0.42857142857142855
-1.0
-0.005555555555555564
-0.13333333333333333
0.3
0.0
0.1125
0.05000000000000002
0.0
0.6055555555555555
0.0
0.0
0.0
-0.0625
0.875
-0.22500000000000003
1.0
0.39583333333333337
1.0
0.5681818181818181
0.5
-0.4
-0.016666666666666663
0.0
0.4777777777777778
0.4
0.10000000000000002
-0.5
0.3
0.4
0.0
-0.13333333333333333
0.0
0.0
0.13636363636363635
0.4083333333333334
0.35
0.5583333333333333
0.4222222222222223
-0.13333333333333333
0.15000000000000002
0.25
-0.06272727272727271
-0.2625
0.09523809523809523
1.0
0.75
-0.3625
0.8
1.0
0.3125
0.3571428571428571
0.5
0.0
0.4583333333333333
0.05
-0.15000000000000002
-0.125
0.0
0.5777777777777777
0.21428571428571427
0.9375
0.625
0.75
1.0
0.45535714285714285
0.5
-0.3499999999999999
0.2
1.0
0.0
0.2
-0.1
0.6
-0.09722222222222222
0.5
0.0
0.0
0.35
0.35
0.0
0.0
0.5166666666666667
0.0
0.13393939393939394
0.28409090909090906
0.0
0.78125
0.625
0.39999999999999997
0.875
-0.6083333333333334
0.2
0.0
0.06666666666666665
-0.2
0.2625
-0.25
0.043181818181818175
-0.1875
0.5333333333333333
0.8
0.43333333333333335
0.4
0.7250000000000001
0.35
0.0
0.0
0.825
0.15
0.25000000000000006
0.2
0.0
0.65
0.47500000000000003
-0.55
-0.375
0.009090909090909113
0.0
0.0
-0.29583333333333334
0.28125
0.0
-0.10930735930735931
0.35970052083333326
0.8
0.0
0.39999999999999997
-0.09722222222222224
0.6734375
0.1
0.5
-0.7142857142857143
0.26666666666666666
-0.19999999999999998
0.05
-1.0
-0.1625
0.7000000000000001
-1.0
0.0
0.0
1.0
0.3333333333333333
0.8
-0.1777777777777778
0.675
0.048148148148148155
-0.5
0.48522727272727273
0.25
0.13749999999999998
0.5
0.25
0.65
0.8333333333333334
0.5
-0.125
0.2625
0.5
0.0
-0.5
0.0
0.0
0.0
-0.48749999999999993
-0.125
-0.2
0.5
0.4375
-0.004761904761904782
-0.0625
0.30735930735930733
0.6
0.35
-0.375
-0.2111111111111111
-0.39583333333333337
0.25
0.4444444444444444
0.3
0.13
0.7125
0.5
0.0
0.16666666666666666
0.0
0.85
0.2125
0.54
0.45
0.0
0.5625
0.48828125
-0.5
0.7125
0.5681818181818181
0.0
0.2875
0.9
0.8
-0.2
0.8
0.3
0.15277777777777776
0.0
0.0
0.4166666666666667
0.0
0.16818181818181818
0.18434343434343434
0.0
0.0
0.25
0.0
0.35000000000000003
0.0
0.25
0.0
0.6166666666666667
0.5
0.6166666666666667
0.6791666666666667
0.7000000000000001
0.6166666666666667
-0.8666666666666667
-0.8000000000000002
-0.8666666666666667
-0.8666666666666667
-0.8666666666666667
-1.0
0.625
0.3
0.15625
0.2
0.48750000000000004
1.0
0.0
-0.3333333333333333
-0.1
0.15
0.355
0.21428571428571427
-0.1
0.2928571428571428
0.8
0.390625
0.0
0.0
0.4
-0.14583333333333331
0.1625
0.0
-0.5
0.5
0.55
0.4
0.4333333333333334
0.8
-0.1
0.06153846153846154
0.18125000000000002
0.0
0.0
0.5
1.0
0.4
-0.06666666666666668
0.5621212121212121
0.0
0.8
0.6
-0.0125
0.25
1.0
0.175
0.0
0.5852272727272727
0.234375
1.0
0.6197916666666666
0.0
0.4166666666666667
-0.5
0.23333333333333334
1.0
0.0
0.0
0.0
0.0
0.0
0.0
0.0
0.04999999999999999
0.15
0.5000000000000001
0.25
0.0
0.004166666666666652
0.375
0.29545454545454547
-0.75
1.0
0.125
0.5
1.0
0.575
0.25757575757575757
-0.13333333333333333
0.0
-0.2
0.10977272727272727
0.7000000000000001
0.5722222222222223
0.9
0.0
0.3125
0.275
0.5
0.0
0.027777777777777762
-0.4
0.375
0.0
0.8
-0.6999999999999998
-0.15
0.02857142857142858
0.0
0.0
0.0
0.5
0.0
-0.625
-0.2833333333333333
0.39545454545454545
0.0
0.125
-0.25
0.55
-0.75
-0.78125
0.5
0.13636363636363635
0.31221590909090907
1.0
0.0
1.0
0.29375
0.4
0.19999999999999998
0.5
1.0
-0.18854166666666666
-0.6999999999999998
1.0
0.38125
0.0
0.5
0.6
0.0
0.875
0.55625
0.6
0.375
-0.23333333333333325
0.45
-0.1875
0.625
0.40625
1.0
0.22083333333333333
0.1
0.445
0.6000000000000001
0.4166666666666667
0.625
0.5041666666666667
0.65
0.5
0.0
0.0
0.228125
0.5
0.0
1.0
0.0
0.175
0.5
0.45535714285714285
0.95
0.3
-0.022499999999999985
0.11666666666666665
0.06666666666666665
0.0
1.0
0.0
0.4
0.35
1.0
0.0
0.0
0.7
0.875
0.35
0.36818181818181817
0.0
0.0
0.0
0.10202020202020201
-0.20277777777777778
0.125
0.5
0.7125
0.16666666666666666
0.8916666666666666
0.8
0.8
0.0
0.2
0.25
0.644140625
0.25
0.5
0.0
0.8
-0.1
0.7
0.07777777777777778
0.675
-0.625
-0.8749999999999998
0.0
-1.0
0.3125
0.0
-0.37916666666666665
0.31875
-0.3
0.7
0.4
0.0
0.11516927083333328
0.0
0.0
0.78125
0.17222222222222222
1.0
0.05
-0.047619047619047616
1.0
1.0
0.0
0.5
0.4083333333333334
0.5
0.26746031746031745
-0.5
0.8
0.3
0.04999999999999999
-0.45
0.3666666666666667
0.7
0.0
0.13636363636363635
-0.24999999999999992
0.0
0.2
-0.4
0.325
0.5583333333333333
0.0
0.1
0.35
0.2
0.2
0.2
0.15000000000000002
0.5
0.0
0.45
0.6
0.875
-0.03333333333333333
0.0
0.375
-0.037500000000000006
-1.0
-0.45
0.5
0.15
-0.037500000000000006
0.6
0.0
0.12777777777777777
0.5
0.0
0.75
0.16666666666666666
-0.25
0.6293131510416666
0.0625
0.42857142857142855
-0.625
0.27499999999999997
0.575
0.2833333333333333
0.3806818181818182
0.225
0.0
-0.06964285714285715
0.25
0.0
0.6833333333333332
0.625
-0.16666666666666666
0.05
0.35
0.3
0.4
0.25
0.25
-0.049999999999999996
0.35
0.7
0.8
0.0
0.7
0.7125
0.0
-0.25
-0.6999999999999998
0.125
-0.08333333333333333
-0.15
0.3
0.4
0.35
0.0
0.2390909090909091
0.8
0.16666666666666666
0.4
0.0
0.2424242424242424
0.25
0.3375
0.0
0.25
0.5
-1.0
0.0
-0.04999999999999999
0.8
0.48828125
0.0
0.5
0.0
0.75
0.2857142857142857
0.0
0.625
0.0
