0.822612
0.97934
0.470871
0.915022
0.997483
0
-0.983436
0.962367
0
-0.807825
-0.424517
0.52724
0.71537
-0.99185
0
-0.924608
0.962642
-0.396636
0
0.922985
0.978013
-0.897783
0.594733
-0.845072
0.626109
0
-0.732293
0
-0.652053
0.87557
-0.682309
0
-0.695361
0.0
0.0
0.447095
-0.864541
0.990933
0.642488
-0.934806
-0.861713
-0.741053
0
-0.802262
0
0.8656
-0.902828
0
0.934957
0.415634
-0.87781
0.782426
0.688541
-0.89622
-0.796804
0.985744
0.809779
0.859883
-0.996979
0.943843
0.936703
-0.255921
-0.970806
-0.776732
0.441412
0
0.995408
0.867905
-0.818884
0
-0.889958
-0.945966
-0.830674
-0.989695
-0.989418
-0.902527
-0.960708
0.750369
-0.941018
-0.999105
-0.984316
-0.995319
-0.674322
-0.640036
-0.799725
-0.809395
-0.766617
-0.998606
0.682525
0.936153
0.631005
0.855108
0.419633
0
0
0.685792
0
0.787018
0.903777
0.979969
-0.574543
-0.806026
0.681342
0.911863
0.931279
0.951983
0.927022
0.396183
0.962672
-0.801655
-0.914817
-0.424446
0.394835
-0.902812
-0.8296
-0.968649
-0.987652
-0.973415
-0.938821
-0.978786
-0.947873
-0.963476
-0.342445
-0.915814
-0.978304
0
0.0
-0.997193
-0.995715
-0.520647
-0.846
-0.864724
-0.845066
-0.649628
-0.75616
0.68073
-0.903071
-0.764154
0.446146
-0.641104
0
0.898234
0.709139
0
0
0
0.675095
-0.713632
-0.991479
0
-0.968868
-0.917943
-0.622231
-0.950082
0.866842
-0.914313
-0.654981
-0.960808
-0.73046
-0.963262
0
-0.938019
-0.859365
-0.914118
-0.991937
0.342026
0.682897
-0.511834
0.9838
0
0.99369
0
0
0.954791
0.775517
-0.869163
0.925608
0
0
0.933346
-0.786306
0.681127
0.805921
0.982812
-0.465729
-0.872591
-0.887336
0.636653
0.623435
0.646853
0.964786
0.894016
-0.983026
0.86671
0.523417
0.822248
0.99528
0
0.690957
-0.958806
-0.892831
0.636462
0
0.954686
0.551497
0.678129
0.979713
-0.941706
-0.908917
-0.854194
0.989886
0
0.967997
0.832862
0.853308
0.924936
0.954593
-0.839725
-0.969426
0.700381
-0.51377
-0.93658
-0.949632
0.376819
-0.94125
0
-0.87843
-0.795991
0.957296
-0.959135
0
0.837172
-0.986836
0.915252
-0.936339
0.834644
0
0.957818
0.945442
0.919007
0
0.927143
0.724348
0.869418
-0.33565
-0.819392
0
0
0
-0.891978
-0.926619
-0.984488
0
-0.944047
0.964454
0.966393
0.982758
0.508064
0.383472
0.983248
-0.880327
0.368539
0
0.0
0.960844
0.702445
-0.531829
0.840679
0.916969
0
0.823463
0.981764
0
0.942945
0
-0.345738
0.966804
0
0.752249
0.834958
0.924237
0.818231
-0.954975
-0.699295
-0.655466
-0.897393
-0.918352
-0.919141
0.487295
-0.960359
-0.678496
-0.958868
-0.965052
-0.831646
-0.826659
-0.606276
0
-0.983259
-0.821357
-0.937908
-0.38393
-0.972502
-0.928186
0
-0.690148
0
-0.969859
-0.80127
-0.301525
0.942779
-0.941046
0
-0.917404
-0.782994
0.484236
-0.881431
-0.967223
0.941166
0
0.965087
-0.962372
0.584551
0.950585
0.904639
0.650072
-0.977825
0.317548
0.888165
0.699713
-0.791546
-0.59814
0.969014
0.301306
-0.876829
-0.611003
0.999555
-0.885852
0.581229
0
0.977706
-0.780893
0.99312
0.796137
0.981122
-0.741993
-0.63936
0
-0.888198
-0.310013
0.743412
0.983106
0.97615
0.78606
0.956316
-0.545045
-0.993342
0.783927
-0.895245
-0.926216
