0.6331
0.3612
0.7184
-0.4019
-0.5667
0.4404
0.0
0.34
-0.6249
0.5972
-0.4525
0.4574
0.3182
0.5574
0.4738
0.4588
0.4926
0.3239
-0.4494
0.0516
0.0
-0.34
0.6597
0.1531
0.2023
0.5719
-0.128
-0.7506
0.5574
0.34
-0.4767
0.0
0.6742
0.5859
0.0
0.7767
-0.1548
0.0
0.0
-0.8271
0.0
0.0772
0.5848
0.8684
0.7213
0.0
0.0
0.5255
0.0
-0.3595
0.0
0.5267
0.0
0.0
0.3753
-0.1531
-0.5499
-0.2075
0.0
0.0
0.0
0.0
-0.7845
0.0
-0.8842
0.0
0.7718
-0.3818
0.8475
0.5719
0.765
0.5859
0.0
0.4939
0.5106
0.0
0.0
0.7935
0.0
0.3612
-0.3885
0.5267
-0.128
-0.2928
0.7783
0.8883
0.743
0.5994
0.126
0.0
-0.5223
0.0
0.8979
0.34
0.7184
0.2023
0.0
0.0
0.7345
-0.1027
0.191
0.2481
-0.4836
0.4389
0.7351
0.0
-0.34
-0.5142
0.0
0.5994
0.3612
0.0
0.7351
0.4805
0.1695
0.0
0.6369
0.0
-0.4497
0.1511
0.3107
-0.2263
0.8233
0.8478
-0.3252
0.4215
0.5859
0.4574
0.296
0.7845
-0.4939
0.0
0.4404
-0.5972
0.0
0.0
0.4003
-0.1779
0.3597
0.7906
0.8519
0.4753
0.0
0.0
0.6712
0.0
-0.2263
0.3802
0.6369
0.0
-0.34
0.0
0.875
0.0
-0.2401
0.0
0.6449
-0.8531
0.3818
0.0
0.4939
0.1779
0.0
0.875
0.0
-0.4291
0.6908
0.0
0.4019
0.0
0.7603
0.0
-0.296
0.8126
0.0366
0.4019
-0.4767
0.4588
0.6696
-0.886
-0.5719
0.5562
-0.3164
-0.4404
0.34
0.4215
0.0
0.3802
0.128
0.1756
0.7221
0.0772
0.4404
0.5719
0.0
0.8402
0.0
0.5859
-0.4215
0.4215
0.3612
0.0
-0.802
0.0
0.0
0.0
0.3612
0.2732
0.0
-0.4357
0.34
0.3818
-0.3681
-0.3164
0.6486
0.0
0.34
0.1779
0.0
0.9673
0.6166
0.0
0.5106
0.0
-0.2924
0.1511
0.6661
0.6209
-0.25
-0.765
0.4588
0.1901
-0.3182
0.4404
0.6003
-0.6361
0.0
0.2732
-0.5256
0.0
-0.0516
-0.296
0.8999
0.6103
0.7311
0.0
0.0
-0.2732
0.0
0.0
0.2714
-0.2942
-0.1779
0.7712
0.1531
0.25
0.6705
-0.101
0.5229
0.25
-0.5983
0.1779
-0.2584
0.0
0.9227
-0.4588
0.34
-0.296
0.7506
0.743
0.128
0.4215
0.601
-0.1695
-0.4215
-0.296
0.0
0.25
0.0
0.0
0.6705
0.5423
0.9059
0.3802
0.0
0.4995
0.0
-0.6369
0.0
0.7269
0.296
0.0
0.6249
0.8442
0.7163
0.4843
0.5927
0.0
0.5848
-0.7088
0.0
0.0
-0.5859
0.0
-0.4404
0.533
-0.631
0.7717
0.0
-0.2244
0.6369
0.1779
0.34
-0.3818
0.8478
-0.0323
0.0
0.5994
-0.2942
0.6369
-0.1531
0.7019
0.3595
0.8553
0.0
-0.1511
0.6369
0.0
0.2714
0.0
0.765
0.0772
-0.8236
0.7845
0.5574
0.5962
0.0
-0.3818
0.0
0.0
0.8439
0.0
0.6114
0.2732
-0.1007
-0.1739
-0.2263
0.8619
0.0
0.6249
0.34
0.6124
0.0772
-0.4263
0.7184
0.296
0.0
0.2023
0.7783
0.63
-0.5106
0.0
0.0
0.0
-0.6597
0.0
0.4019
0.0
-0.4767
0.7067
0.5719
0.6696
0.9397
0.8481
0.0
-0.7184
0.3612
-0.4215
0.2732
0.6973
-0.2263
0.6696
0.0
0.0
0.7034
0.0
0.7717
-0.4003
0.8655
0.8118
-0.2023
0.0
0.5106
0.4767
-0.8912
0.0
-0.6369
0.5106
0.2023
0.0
0.34
0.8164
-0.128
0.0
0.4767
0.0772
0.2714
0.2023
0.0772
0.765
0.0
0.0
0.0757
0.5719
0.6249
0.4588
0.0
0.8442
0.4588
0.4215
-0.5423
0.0085
0.0
-0.8087
0.7906
0.0
0.6369
0.3818
0.0
-0.3776
0.34
-0.3907
0.0
0.937
0.34
0.05
0.0
0.1007
-0.7319
-0.0516
0.0
0.7458
0.25
0.54
0.4211
0.4199
0.0
0.3584
-0.296
-0.5528
0.4404
0.4084
-0.6486
0.7574
0.9159
0.25
0.4215
0.6124
0.0
-0.8126
0.0772
0.8225
0.4404
0.8271
0.34
-0.2406
0.2905
-0.3885
0.2714
0.4939
-0.3612
0.0
0.6868
0.7081
0.831
0.69
0.3612
0.0
0.5719
0.024
0.0
0.5859
0.783
0.0
0.4019
0.6369
0.0
0.8638
0.0
-0.6249
0.2732
-0.25
0.0
0.4754
0.7351
0.4968
0.0
0.6062
0.8743
-0.2006
0.0
-0.4215
0.0
-0.3612
0.0
0.4926
-0.8002
0.34
0.0
0.7906
0.2975
0.0
0.7717
0.4404
0.1045
0.0
-0.4019
0.0
-0.0772
-0.296
0.5719
-0.8481
0.6369
0.0
0.0
0.6671
0.505
0.34
0.743
0.1779
-0.0772
0.0
0.8798
0.0
0.7813
0.3147
-0.4588
0.0
0.0
0.4019
0.7198
0.5994
0.9426
0.0
0.5267
0.0
0.0
0.4404
0.6597
-0.25
0.5859
0.7901
0.2023
0.0
0.0
0.168
0.2481
0.5994
0.0
0.5229
0.0
0.4215
0.5994
0.4215
0.0
0.6369
0.0
0.0
-0.5826
0.6892
-0.0286
-0.4588
0.7603
0.8481
-0.3578
0.0
0.0
0.3612
-0.1759
-0.4767
-0.296
-0.296
0.6705
0.8236
0.7339
0.5994
0.0772
0.7835
0.6908
0.0516
0.0
0.6476
0.7351
0.0
0.0
0.0
-0.5423
0.0
0.5242
0.7177
0.0
-0.8555
0.0
0.0
0.0
0.4215
0.296
-0.3612
-0.8553
0.2905
0.7031
0.3802
-0.1796
-0.3612
0.717
0.0
0.0
0.9151
0.0
0.0
0.3382
0.3612
0.6369
0.3786
0.2244
0.0
0.504
0.0
0.7964
0.4404
0.6249
-0.4753
0.8074
0.0
0.0
0.6652
0.7901
-0.4019
0.9006
0.8519
0.3182
0.6494
0.7332
0.4003
-0.4466
0.0
0.0
0.0
0.8405
0.5859
0.0
0.0
0.2263
0.4215
0.9037
-0.1027
-0.4153
-0.6739
0.4215
-0.4199
0.5562
0.0
0.8271
0.4019
0.4939
0.802
-0.5267
-0.1379
-0.8402
-0.6664
-0.3612
0.0
0.7118
0.0
0.0
0.0
0.533
0.9047
0.0
0.7184
0.5719
0.9042
-0.296
0.0
0.4926
0.765
0.7227
0.4939
0.8264
0.0
0.6884
0.0
0.7034
0.5903
0.5106
0.6331
0.0
0.4926
0.0
0.4019
0.0
-0.1655
0.0
-0.6246
0.0
0.0
0.296
-0.5994
0.3384
0.0
0.34
0.3612
0.4404
0.0
0.7125
-0.0516
-0.4404
0.7896
-0.3182
0.0
0.0498
-0.4153
0.8526
0.2732
0.782
0.128
-0.7372
0.128
0.5093
-0.34
0.0
-0.4215
0.0
-0.1531
-0.3939
0.1007
0.0577
0.6408
0.6908
0.7264
0.0
0.7003
0.784
0.4404
0.0
0.4479
0.7351
0.7906
0.6688
0.4118
0.7777
0.0
-0.296
-0.296
0.6369
-0.6249
0.0
-0.7525
0.886
0.745
0.34
0.0
0.6588
0.4019
0.8122
0.5267
0.0
0.7096
0.0
0.4588
0.0
0.8777
-0.34
-0.7178
0.2565
0.5719
0.0
0.0
0.765
0.9287
-0.4215
0.8126
0.0
0.0
0.5994
0.5684
0.7345
0.0516
0.0
0.636
0.2263
0.4939
0.5719
-0.3291
0.1779
-0.5574
0.0
0.0
0.0
0.9353
0.128
-0.5423
0.4588
-0.7469
0.4588
0.0
-0.25
0.5423
0.4003
0.0
0.6808
-0.4939
0.6597
0.4588
0.0
0.4767
0.4215
0.5719
0.0
0.5106
-0.7579
0.802
0.0772
0.0
0.875
0.0
0.0
-0.1779
0.0
0.0
0.6486
-0.368
0.0
0.0
0.0
0.0
0.3937
0.0
-0.7269
0.0
0.4588
0.802
0.3818
0.3971
0.5984
-0.5171
-0.5994
0.7717
0.0
0.0
0.5106
0.69
-0.2755
-0.7717
0.0
0.0
0.7906
0.5319
-0.7184
-0.3412
0.6696
0.68
0.2732
0.9164
0.7906
0.6808
0.5859
0.0258
0.0
0.4019
0.4926
0.5106
0.0
0.0638
-0.0516
0.4404
0.34
0.6908
-0.3412
0.0
0.0
0.8777
0.6808
-0.1779
0.7003
0.4019
0.4738
0.4215
0.6103
-0.5437
-0.5509
0.6808
0.5535
0.34
0.0
0.7096
-0.34
0.6124
0.0
0.4559
0.8555
0.2942
0.0
0.0
0.0
-0.7579
0.8689
-0.5859
0.6124
0.0
0.5859
-0.4986
0.9705
0.2714
0.0
0.8513
0.3406
0.6369
-0.7717
0.0
0.0
-0.0572
0.0
0.7345
-0.1027
0.0
0.5267
-0.2755
0.3612
0.6369
0.7215
0.0
0.3182
0.0
0.0
0.0
0.6369
0.717
0.6588
0.7633
-0.7096
-0.4574
0.0
-0.6249
-0.5423
0.7175
0.0
-0.1945
0.5574
0.0
-0.3535
-0.3961
0.0
0.9041
0.0
0.6103
0.4404
0.0772
0.0
-0.1513
-0.4137
0.0
0.3612
0.0
0.0
0.8065
0.6531
0.0
0.0
0.5951
-0.5267
-0.5574
0.5267
0.6249
0.8626
0.7712
0.0
-0.296
-0.5859
-0.5411
0.0
0.5719
0.4215
0.34
-0.128
0.1531
0.6983
0.6166
-0.5574
0.5538
-0.7096
0.8957
0.765
-0.4019
0.7184
0.9062
0.0
0.0
0.8442
-0.4404
-0.0516
0.0
0.5719
0.0
0.4404
0.0
-0.4588
0.0
0.4019
0.0
0.3612
-0.296
0.4019
0.6124
0.0
0.6369
0.0
-0.1531
-0.1531
0.0
-0.7227
0.0
0.0
0.0
0.4359
-0.5423
0.0
0.2732
0.4898
0.0
0.4912
0.0
-0.8225
-0.4648
-0.3056
0.9186
0.0
-0.6652
-0.1776
0.0
0.3818
0.4122
0.25
0.2023
-0.296
-0.128
0.0
0.765
0.0
0.6956
0.0
0.0
-0.296
0.5848
0.0
0.859
0.4215
0.4939
0.0
-0.3818
0.4019
0.0
0.6908
0.6369
0.0772
0.34
-0.7184
0.4738
0.4374
0.3971
0.0
0.0
0.1511
0.0
-0.5697
0.8268
0.7482
0.0
0.4926
0.7213
-0.5574
-0.0258
0.8743
0.8519
0.4753
0.5267
0.0
0.5083
-0.3612
-0.1027
-0.7313
-0.4767
0.0
0.0
0.1984
0.0
-0.7864
0.0
0.5374
0.3612
0.0
-0.7096
0.0
-0.1779
0.4215
0.0
0.8979
0.0
0.6487
0.4753
0.836
0.0
0.0
0.0
-0.4588
0.6459
0.9153
0.2023
0.4795
0.5859
0.5826
0.0
0.6997
0.0
-0.5307
-0.8126
0.0
0.5267
0.0
0.0
0.7424
0.0
0.0772
0.34
0.4628
0.6103
-0.5994
0.6369
0.4215
0.0
0.5719
0.8655
-0.7003
0.5242
-0.7906
-0.1793
0.5106
-0.3903
0.0
0.0
0.0
0.4588
0.0
-0.5767
-0.4389
0.0
0.7494
-0.4678
0.0
0.6369
0.4995
0.4588
0.0085
0.5267
-0.4019
0.3378
0.2023
0.7269
0.6597
0.5229
0.0
-0.2263
0.0
0.1531
-0.3182
0.0
0.0997
0.9117
0.128
0.34
0.6682
0.5267
0.0
0.0
0.1779
0.0
0.0
-0.3818
-0.0516
0.0
0.5246
0.7866
0.3612
0.0
0.6467
0.8083
-0.5719
-0.7269
0.0
-0.126
0.0
0.0
0.4404
0.0
-0.4767
0.3802
-0.8225
-0.7916
0.0
0.7384
0.4278
0.0
-0.2792
0.7191
0.3612
-0.5145
0.4215
-0.7528
-0.6696
-0.2579
0.0
0.7959
0.7096
0.0
0.3818
0.0
0.5106
0.0
-0.2023
0.0
0.3612
0.4199
-0.7845
0.5231
0.6249
0.6696
0.8011
0.1867
0.0
0.4404
0.8225
-0.296
0.0
0.4588
0.0
0.4898
-0.9191
0.34
0.8271
0.2521
0.0
0.4003
0.5684
0.34
0.624
0.6209
0.7003
0.3182
0.0
0.8346
0.0
0.0
0.0
0.0
0.9006
0.0
0.0
0.6792
0.0
-0.4019
0.4215
0.3802
0.9042
-0.1759
-0.3818
-0.4842
0.9547
0.0
0.0
0.0
0.5106
0.0
0.6705
0.0
0.5423
0.8482
0.2023
0.0
0.5994
0.872
0.0
-0.4576
0.0
-0.6739
0.5423
0.2732
0.694
0.2732
0.0
0.0
0.7959
0.0
0.3612
0.0
0.4767
0.4141
0.34
0.0
0.0
0.3612
0.0
0.0
-0.6249
0.6814
-0.4215
0.5411
0.7081
0.7579
-0.3818
0.3802
0.5423
0.3975
0.4404
0.8395
-0.4588
-0.5399
0.0
0.1779
0.0772
-0.5267
0.4003
0.8652
0.6588
0.5829
0.5911
0.0
0.2263
0.7906
0.8442
0.0
0.0
0.0
0.8485
0.7568
0.0
0.7783
0.0
0.5994
0.0
0.0
0.4588
0.5976
0.0
0.0
0.1533
0.0
0.2144
0.5777
0.8168
0.9022
-0.2103
-0.8209
0.4019
0.0
0.4019
0.3612
0.3802
0.0
0.296
0.0772
0.4215
0.5719
0.6209
-0.3182
0.5106
0.0
0.555
0.0
0.0
0.5423
-0.1779
0.7445
-0.5216
0.0
0.0
0.0
0.0
-0.0772
0.7096
-0.6449
-0.7003
0.3818
0.8176
0.4199
-0.5423
0.4404
0.4926
0.0
0.0
0.6705
0.8402
0.0
0.0
0.4588
0.3182
0.0
0.0
0.0
0.6892
-0.3182
0.4019
0.0
0.5707
0.0
0.0
0.6249
0.0
0.0
0.8126
0.5269
0.1779
0.8879
-0.25
0.2732
0.4939
0.0
0.6124
0.8903
-0.296
0.0
0.8625
0.0
0.0772
0.0
0.7256
0.4404
-0.8176
0.0
0.7096
0.8555
0.0
0.0
0.0
0.5984
0.2023
0.0
0.7297
0.6597
0.0
0.0
0.25
-0.3182
-0.5574
-0.0772
0.0
0.5511
0.0
-0.5904
-0.0516
0.9285
0.4898
-0.3818
0.0772
0.3612
0.0
0.6369
0.0
0.6187
-0.34
0.5399
-0.5574
0.6369
-0.7096
0.0
-0.7734
-0.2382
-0.8392
0.0
-0.3331
0.0
0.471
0.4278
0.0
0.8718
0.8977
-0.2023
0.6696
-0.296
-0.4215
0.0772
0.0
-0.2023
0.6597
0.2565
0.0
0.6249
0.4215
0.0
0.0
-0.5719
0.0
0.4003
0.8658
0.0
0.8544
0.0
0.9186
0.1531
0.0
-0.886
0.4003
0.6124
0.296
0.0
0.2263
0.1901
0.4404
0.5859
0.0
-0.2323
0.0
0.1655
0.0
0.4588
0.0
0.4404
0.0
0.6369
0.2263
0.8061
-0.0516
-0.1154
0.0
0.4648
0.0516
-0.395
0.5848
0.0
0.4278
0.0
0.0
0.8172
0.6963
0.0
0.8829
0.7579
0.0
0.0
-0.3818
0.4404
0.5994
0.0
0.7408
0.2732
0.6588
0.5106
0.0772
0.0
0.4003
0.4939
0.802
-0.34
0.7003
0.5134
0.2905
0.128
0.4898
0.5707
-0.25
0.3612
-0.2023
0.0
-0.5994
-0.3875
0.0
0.6249
0.0
0.5413
0.0
0.8655
0.0
0.923
0.0
0.1531
0.0
0.0
0.0
-0.6688
-0.8306
0.0
0.7906
0.0
0.0
0.6124
0.886
0.1007
0.6249
0.5267
-0.4976
0.5499
0.6908
-0.4767
0.4588
0.0
0.0
0.5994
0.6476
0.8118
-0.5574
0.0
-0.8979
0.34
0.5859
-0.2263
0.0
0.0
0.0
0.0
0.0
0.0
0.0
0.4199
0.5562
0.4404
0.6808
0.0
-0.5574
-0.6487
0.5399
0.4003
0.4003
0.0
0.8455
0.4019
0.0
0.0
0.836
0.3546
-0.1739
0.0
0.4003
0.4019
-0.3182
0.0
0.5562
0.0
0.0
0.5423
0.5423
0.7096
0.8122
-0.0258
0.0
0.0
0.0
-0.2057
0.0
0.3818
0.4215
0.0
0.8131
-0.1434
0.636
0.7762
0.0
0.0
-0.1068
0.0
0.0
0.0
-0.3818
0.6733
-0.6808
0.2023
0.0
0.0
0.25
0.0
0.0
0.0772
0.0772
0.0
0.0
0.0
-0.0772
0.296
-0.4404
0.431
0.5374
0.0
0.0
0.0
0.5456
0.0
0.508
-0.4427
0.0
0.2023
0.4588
0.5267
-0.3274
0.8074
0.5962
0.8531
-0.4184
0.0
0.8834
0.0
0.0
0.3948
0.0
0.4215
-0.3875
0.5574
0.0
0.1406
0.0
0.0
-0.9477
0.5229
-0.6808
0.7081
0.0
0.0
0.508
-0.4588
0.6598
0.9199
0.5411
0.0
0.4404
0.0
0.4574
0.0
0.0
0.7096
-0.8481
-0.4215
-0.4215
0.4019
0.2023
0.0
0.4215
0.1511
-0.5242
0.0
0.0
-0.6908
0.5423
0.8585
0.0
-0.2924
-0.6124
0.0
0.4019
0.0
-0.264
0.0
-0.3937
0.8168
0.2023
-0.6369
0.8268
0.0
0.5994
-0.4588
0.8555
0.802
0.508
0.2263
0.0
0.34
0.3182
0.0
-0.5859
0.0
0.7249
0.0
0.0
0.6808
0.0
0.0
0.0
-0.0943
0.2263
0.0
0.4995
-0.5719
0.0
0.6988
0.0
0.8602
0.5719
0.0
0.0516
0.0
0.6369
0.0
0.0
0.0
-0.4404
0.0
0.0
0.296
-0.25
0.0
0.4767
0.3182
-0.5574
0.0
0.5994
0.0258
0.694
0.2838
0.6369
0.7935
0.0
0.4019
0.4019
-0.296
0.0
-0.0516
0.0
0.3156
0.0
0.636
-0.3687
0.7237
0.7424
-0.34
0.8741
0.4404
-0.5423
0.3612
0.0
0.555
0.0
0.3182
0.7783
0.0
0.8619
0.8301
0.0
0.395
0.7545
0.0
-0.4767
0.6114
-0.4118
0.4404
0.0
0.7979
-0.1901
-0.2544
0.636
0.0772
0.2023
0.2023
0.0772
0.0
0.0
-0.8074
0.6166
0.4574
-0.0516
0.8057
0.0
-0.8176
0.6249
0.9022
0.8772
0.4939
0.4939
0.2714
0.0
0.0
0.636
-0.3818
0.0
0.0
0.0
0.4404
-0.2023
0.4199
0.0
-0.4833
-0.296
0.0
0.2023
0.0
0.5093
0.0
0.6785
0.0
0.4019
0.4019
0.0
0.5267
0.0
0.4195
0.2732
-0.4939
0.0
0.0
-0.4003
-0.1779
0.8392
0.0
0.4404
0.0
0.0
0.0772
-0.5719
0.4588
0.4497
0.6249
0.7074
0.0
0.7761
0.5574
0.5538
0.8614
0.4019
0.6981
0.0
0.0
0.6249
-0.3315
0.34
-0.5574
0.4767
0.0
0.4404
0.4404
0.0
0.0
0.5719
0.1779
-0.3818
0.4215
-0.296
0.6341
0.4019
0.6908
0.8885
0.0
0.0
0.4574
-0.8573
0.5106
0.8781
0.4404
0.8479
0.6124
0.4588
0.7901
-0.0352
0.2359
0.1511
0.7906
0.0
0.6239
0.4404
-0.6597
0.2023
0.6801
-0.5038
0.4019
0.3818
-0.296
-0.4927
0.7717
-0.6542
0.6369
0.5267
0.0
0.7574
0.6696
0.5837
0.6124
0.0
0.0772
0.0
0.7096
-0.4215
0.7351
0.0
0.0
0.5399
0.4215
0.4215
0.0772
0.6941
0.7378
0.0
-0.4767
0.8904
0.0
0.3612
0.6523
0.5423
-0.8465
0.5837
0.4003
0.5859
-0.296
0.0772
-0.6486
-0.2263
-0.5423
0.0
0.0
0.9118
-0.9323
0.1779
0.0
0.8126
-0.5574
0.296
0.3612
0.0
-0.7356
0.0
-0.3818
-0.1007
0.7418
-0.3182
0.7081
0.0
0.0
-0.6908
0.4215
0.09
0.0
-0.1511
0.7707
0.0
0.5719
0.6757
0.743
0.4005
0.2023
0.0
0.0
0.8945
0.5719
0.8682
-0.5621
0.0
0.5461
0.8176
0.5399
-0.3786
0.802
0.0
-0.0516
-0.7177
0.6249
0.6087
0.7488
0.4588
0.0
0.5106
0.0
0.0
-0.6274
0.8519
0.0
0.4672
-0.3089
0.0772
0.0
0.4559
0.5719
0.0
0.0
-0.2924
0.0
0.6588
0.3182
0.3182
0.0
0.0
0.5574
0.3612
0.2732
0.7284
0.5927
0.34
0.5574
0.0
0.7804
0.5106
0.0
0.0
0.0
0.0
0.0
0.6669
0.4995
-0.3191
0.7345
0.5106
0.5267
0.5574
0.5093
0.5574
0.765
-0.6249
0.899
0.7096
0.6369
0.3612
-0.1901
0.0
0.5574
0.4199
0.0
0.34
0.4767
0.3182
0.826
-0.4146
-0.128
0.0
0.0
0.0
0.5574
0.5319
0.7088
0.9117
0.296
0.0
0.8188
0.4003
0.8065
0.0
-0.3595
0.0
0.0
0.6331
0.0
0.0
0.0
0.0
0.5855
0.9094
0.0
0.6369
0.4215
0.8398
0.784
0.0
-0.7227
0.0
0.6369
0.5994
0.7512
0.0
0.0
-0.5859
-0.3382
0.0
0.5562
0.6375
0.0
-0.308
0.8257
0.0
0.4926
0.5826
0.0516
-0.6908
-0.4824
-0.296
0.0
0.6124
0.5574
0.0
-0.6908
0.5423
0.4939
0.6369
0.0
0.0
0.0
-0.2382
0.3612
-0.4199
-0.3382
0.8791
-0.4588
0.0
0.5574
0.7892
0.4344
0.0
0.0
0.0
-0.4939
0.0
0.8225
0.636
0.8268
-0.4019
-0.5423
0.658
-0.9356
0.0
0.0
0.0
0.4926
0.8558
0.5267
0.0
0.0
0.4767
0.5411
0.0
-0.3182
0.0
0.1154
0.4574
-0.5574
0.5951
0.3612
0.9042
0.8069
0.0
0.863
-0.5574
0.5242
0.4404
0.0
0.7184
0.0
-0.5719
0.5106
-0.296
0.5242
0.6179
-0.4404
0.5983
0.0
-0.6597
0.3612
0.0
0.4344
0.4199
0.7717
-0.3612
0.0
0.4215
0.5719
0.0
-0.2023
0.0
0.0
0.0
0.8655
0.6369
0.6369
0.4574
0.0
-0.0516
0.0
-0.8354
0.9241
0.0
0.0
0.0
0.6476
0.0
0.8002
0.6597
0.2023
0.0
0.0
0.0
0.6597
0.0
-0.4728
0.0
-0.8271
0.6476
0.3612
-0.5216
0.0
0.0
0.5574
0.717
0.6597
0.9258
0.4767
0.0
0.5826
0.6369
-0.3875
0.7845
0.0
0.659
0.0
0.0
-0.6103
0.2263
0.4404
0.0
0.3612
0.4019
-0.3382
0.0
0.4404
0.2235
0.0
0.0
0.5562
0.0
0.0
0.0
0.0
0.0
0.3274
-0.5413
0.4019
0.9348
0.0
0.0
0.784
-0.7845
-0.296
-0.8101
0.7568
0.4588
0.7973
0.9262
-0.3818
0.5337
0.6808
0.0
0.0
0.8122
0.7564
0.4588
-0.4019
0.0
0.09
-0.0772
0.0
-0.3595
0.2732
0.0
0.3753
0.0
0.0
-0.6739
0.7906
-0.3412
0.0
0.2484
0.8126
0.0
0.3612
-0.4588
0.5562
0.0
0.0
-0.0516
0.8619
0.8402
0.0
0.75
0.0
0.9333
0.0
0.0
0.5994
-0.4215
0.8062
-0.4215
0.5719
0.5983
0.4939
0.5754
0.0
0.6486
0.4215
0.2617
0.296
0.5994
0.4404
0.0
0.5473
0.7845
0.0
-0.6188
0.5106
0.34
-0.7003
0.8316
0.5574
0.0
0.6705
0.5719
0.7405
0.34
0.34
0.0
-0.4966
0.8439
0.5574
0.34
0.9238
0.7964
0.3612
0.508
0.4559
0.0
0.8016
0.0
0.0
0.5994
0.5927
0.0
0.0
0.8201
0.0
0.4003
0.0
0.0
0.0
0.0
0.6486
0.4019
0.4019
0.765
0.6705
0.0
0.4199
0.0
0.0
0.4215
0.5859
-0.1531
-0.6908
0.0
0.6892
0.5023
0.2732
0.2263
0.9612
-0.5983
0.4559
0.9044
0.0
-0.6948
0.6696
-0.6783
-0.4981
0.5859
-0.296
0.5927
0.2263
0.6249
0.2023
0.5267
0.745
0.0
0.0772
0.3182
0.0
0.25
0.9287
0.5983
0.4767
0.0
0.4588
0.8715
0.3818
0.6249
0.7269
0.0
0.0
0.8268
0.3182
0.0
0.8507
0.0
0.4019
-0.2481
0.3612
-0.4184
0.0
0.8282
0.0
-0.0516
0.9165
0.0
0.7424
0.0
-0.8302
0.4404
0.8478
0.34
0.6114
0.4588
0.0
0.0
0.0
0.0
0.296
0.5574
0.7049
0.0
0.5562
0.0
0.5574
0.6562
0.7177
0.9015
0.4588
0.5983
0.913
0.0
0.0
0.8126
0.0
-0.0572
0.4939
0.4215
0.0
0.0258
0.6688
0.0
-0.1531
0.508
0.0
0.3182
0.9183
0.6588
0.5574
0.2023
-0.6705
0.431
-0.2398
0.0
0.7245
0.0
0.6209
0.0
-0.5719
0.0
-0.4389
0.8264
0.0
0.0
0.8271
0.4215
0.0665
0.7482
0.0
-0.4184
0.0
0.4019
0.0
0.4215
0.0
0.0
0.0
0.0
0.2023
0.0
0.0
-0.34
-0.6597
0.5994
0.4404
0.4404
0.0
0.5837
0.6114
0.4215
0.0
0.6696
0.6808
0.6988
0.1779
0.5859
0.0
-0.6219
0.5707
0.7184
-0.4572
0.0
0.0
0.3382
0.0
0.5983
0.4926
0.7184
0.6792
0.5411
0.0
0.34
0.555
0.4939
-0.1027
0.4019
0.4215
0.0
0.8482
-0.6571
0.2135
0.0
0.0
0.6114
0.7184
-0.34
0.4824
-0.2732
0.7629
0.3182
0.6876
0.8012
0.0
0.3182
0.0
0.0
0.0
0.5046
0.3182
0.0
0.3612
0.4215
0.0
0.0
0.0
0.7672
0.8879
0.0
0.4215
0.0
0.7783
-0.296
-0.2023
0.0
0.7783
-0.4023
0.5697
0.1045
0.6351
0.8374
0.5719
-0.4767
0.5994
-0.2732
0.5093
0.0
0.0
0.5423
-0.2732
0.0
0.7482
0.3612
0.2724
0.7263
-0.228
0.0
-0.0334
-0.4588
0.8268
0.34
0.0
-0.1511
0.0
0.0
0.048
0.4019
0.0
0.0
0.7804
0.4019
0.0
0.0
0.5399
0.0
0.8221
0.6908
0.8152
0.0
0.8016
0.0
0.6114
0.0
0.4526
0.4588
0.0
0.659
0.0772
0.9544
0.0
0.0
0.1027
0.0
0.6705
0.4003
0.3612
0.296
0.5754
0.6633
0.0
-0.4926
-0.6908
0.5719
0.25
0.7482
0.0
-0.4215
-0.3412
0.68
0.0
-0.6486
0.0
0.0
0.8625
0.6124
0.0258
0.3612
-0.6908
0.0
0.3182
0.93
0.4215
0.0
0.7506
0.0
0.5994
0.0
0.0
0.0
0.2732
0.0
0.296
0.5859
0.0
0.516
0.7574
0.4215
-0.09
0.4621
0.4927
0.0
-0.6973
0.6808
-0.1531
0.7703
0.34
0.4588
0.0
0.0
0.8994
0.6124
0.6808
0.7717
0.4019
-0.0258
0.0
0.3612
-0.7184
0.6114
0.8957
0.0
0.4926
0.0
0.6486
0.0
0.8974
0.7579
0.6351
0.0
0.0
-0.4118
-0.5719
0.872
0.0
0.2565
0.5374
0.3612
0.0
0.0
0.0
0.1531
0.0
0.8885
0.0
0.34
0.0654
0.4404
0.4754
0.6249
0.9508
0.0
0.7717
-0.765
0.0
0.0
0.6166
0.4927
0.0
0.7263
0.0
0.4753
0.0
-0.25
0.5423
0.5106
0.0
0.4939
-0.5423
-0.1999
0.6249
0.9114
0.296
-0.5423
0.5995
0.4588
0.9198
0.8074
-0.1531
0.25
0.7959
0.0
0.8684
0.5719
0.0
0.0
0.0
-0.4912
0.0
0.7351
0.0
0.0
0.0
0.4559
-0.5696
0.5951
-0.0572
0.7964
0.0
0.0
0.2732
-0.5574
0.0
0.2732
0.0
-0.0227
0.0
0.7352
0.8316
0.0
0.7096
0.4588
0.1134
0.6249
0.1867
0.3182
0.374
0.4215
0.721
-0.6114
-0.4118
0.6887
0.0
0.9044
-0.0258
0.9384
0.5719
0.9272
0.6369
-0.3182
0.34
0.0
0.5719
0.6369
0.0
0.34
0.0
0.0
0.0
0.5719
0.5106
0.4359
0.5147
-0.4215
0.0841
0.5972
0.0
0.0
0.6597
0.7717
0.8126
0.8622
0.34
0.5106
-0.4391
0.4528
0.5972
0.0
0.0
-0.5719
0.0
0.7964
0.0
-0.2023
0.0
0.0
0.8625
-0.7969
0.0
0.7525
0.0
0.4442
0.504
0.0516
0.508
0.4404
-0.2263
-0.0772
0.5574
0.0
0.5093
0.4926
0.0
0.0
0.0
0.0772
0.5067
0.0
0.5696
-0.3182
0.4939
0.0
0.0
0.7096
0.5719
0.0258
0.4199
0.7177
0.5362
0.0
0.7777
0.0
0.0
-0.3382
0.7672
0.0
-0.296
0.5719
0.0772
0.2144
0.0
0.0
0.802
0.4404
0.0
0.5859
0.7845
0.8658
0.7269
-0.2732
0.5093
0.34
0.5859
0.0
0.5267
0.4215
0.6114
0.0
0.0258
0.3182
0.0
0.5632
-0.555
0.4404
0.6369
0.0
0.3612
0.743
0.34
0.4153
0.0
0.0
-0.1027
0.6486
0.7352
0.3919
0.0
0.5574
0.0
-0.6249
0.0
0.0
0.508
0.0
0.3612
0.4019
-0.296
0.5994
0.0
0.4404
0.8561
0.296
0.0
0.0
0.0
0.4588
0.0
0.8591
0.34
0.5707
-0.2023
0.5719
0.6946
0.7865
0.0
0.3182
0.7352
0.5684
-0.2411
-0.743
0.6369
0.8462
-0.4019
0.0
-0.2023
-0.6792
-0.5574
0.0
0.5413
-0.3612
0.7773
0.2905
0.4215
0.0
0.0
-0.5574
0.6403
0.6361
0.5707
-0.6705
0.0
0.4767
0.9718
0.8977
0.9044
0.4404
0.4574
0.0
0.3612
0.7494
0.4939
0.4215
0.0
0.0
0.0
0.0
0.6988
0.7096
0.8217
0.0
0.0
0.0
0.0
0.128
0.7964
0.6808
-0.7579
0.0
0.1852
0.8689
0.4926
0.0
0.0
0.6369
0.0
0.4404
0.784
0.6341
0.0
0.0
0.0
0.0
0.0
0.5859
0.8766
0.5106
0.0
0.25
0.7845
0.0
0.0
-0.6705
0.6705
0.7777
0.6369
0.9196
0.6908
-0.1027
0.0
0.0
-0.2714
0.5562
0.0
-0.2755
0.8038
0.8519
0.869
0.8402
0.0
0.0
0.0
-0.4215
0.4926
-0.6705
0.2596
0.34
0.8319
0.1729
-0.296
-0.6808
0.5647
0.0
0.6124
0.0
0.3612
0.6705
0.9059
0.0
0.8402
0.4303
0.6808
0.0
0.6369
0.5994
0.6369
-0.9451
0.0
-0.472
0.4939
0.0
0.8402
0.0
0.0
0.0
-0.7013
0.3544
0.0
-0.2023
0.6742
0.0
-0.3182
0.0
-0.4588
0.6114
0.296
0.0
0.8283
0.7345
0.5951
0.0
0.0
0.8144
0.8804
-0.5587
0.4574
-0.7096
0.4588
0.6124
0.2584
0.0
0.8302
0.4588
0.0
0.8176
-0.4019
0.296
0.5413
0.1531
0.1531
-0.7215
0.0
0.2732
0.7772
-0.594
0.2401
0.0
0.0
0.0
0.712
-0.6705
0.7096
0.0
0.0
0.2023
-0.1318
0.5093
-0.1779
0.0
0.7823
0.0
0.7096
0.8481
-0.3903
0.4404
0.4215
0.3818
0.0
0.0
0.0
0.3899
-0.5423
0.2942
0.5859
0.25
0.9529
0.7184
0.0
-0.6705
0.8646
-0.0258
0.0
0.8209
-0.7825
0.4404
0.9454
-0.0772
0.4767
0.0
0.0
-0.2732
0.6696
0.9454
0.4215
0.5499
0.0258
0.0
0.5093
0.8555
0.0
-0.2411
0.2732
0.9001
0.0
0.3612
0.0
0.5994
0.0
0.3818
-0.4184
-0.3818
0.0
0.807
0.6289
-0.296
0.7345
0.2023
0.2732
0.4215
0.0
0.0
0.0
0.2103
0.0
0.0
0.1316
-0.6908
0.0
-0.8176
0.0
-0.8011
0.0
0.0
0.0
-0.1867
0.4939
0.5859
0.6808
0.0
-0.2402
0.6597
0.4939
0.7856
0.3818
0.5719
0.0
-0.7043
-0.3612
0.3595
0.4215
0.6908
-0.5076
0.0
0.4824
0.0
0.0
-0.6369
0.0
0.6166
0.4588
0.743
0.0
0.594
0.0
0.0
-0.6705
0.0
0.0
0.0
0.0
0.0
-0.34
0.0
0.4215
0.0
0.0
0.4939
0.0
0.1511
0.0
0.5574
0.3612
-0.5994
0.2679
0.0
0.8741
0.0
0.4559
0.555
-0.3182
0.541
0.4404
0.2481
0.5994
0.5859
0.0
0.0
0.0
0.6166
-0.6247
0.0
0.5963
0.4184
-0.5423
0.0
0.0
0.5267
0.8519
0.7513
0.0
0.0
0.0
-0.1779
0.0
0.0
0.6784
0.5574
-0.5423
0.5106
0.0
0.5719
0.5068
-0.4003
0.0
0.0772
-0.5905
0.471
0.6124
-0.3182
0.4738
-0.4019
0.3612
0.0
0.5994
0.5719
-0.6428
0.0
0.0
0.34
0.0
0.4404
-0.7717
-0.1027
0.5574
-0.8341
0.128
0.5242
0.0
0.807
0.7034
0.8402
-0.4939
-0.7906
0.7034
0.0
0.0
0.0
0.0
0.6597
0.2382
0.0
-0.2808
0.0
-0.2732
0.4588
0.0
0.0
0.5859
0.6524
0.347
0.0
0.8625
0.0
0.4588
0.0
0.0
-0.6588
0.7906
0.0
0.0
-0.128
0.4497
-0.6973
0.0
0.6249
0.0
0.5673
0.0
0.0
0.4199
0.5951
-0.5267
0.5719
0.4939
0.5754
-0.3578
-0.25
0.8718
0.5983
0.0
0.0
0.4215
0.0
0.0
0.2023
0.0
0.4927
0.0
0.3182
0.2263
-0.5719
0.0
-0.5307
0.296
0.3802
-0.3182
0.6114
0.0
-0.765
0.5994
0.0
0.5423
0.0
0.4724
0.8221
0.6369
0.0
0.0
0.0
0.0
0.0
0.2732
0.0
0.0
0.4215
0.8934
0.8885
0.4404
0.5563
0.0
0.0
0.0
0.8126
0.6597
0.0
0.0
0.0
-0.5348
0.2023
-0.6908
0.79
0.0
0.0317
0.836
0.0
-0.4939
-0.5994
0.824
0.7712
-0.128
-0.121
0.0
-0.2501
0.1311
0.1511
0.3182
0.5362
0.6597
0.5859
0.5859
-0.1531
-0.6808
0.0
0.0
0.5859
0.2263
0.0
-0.4215
0.0
0.7712
0.4871
-0.3182
-0.4404
0.0
0.0
0.0772
-0.7183
-0.4199
-0.3612
0.1901
0.0387
0.0
0.0
-0.6908
0.0
-0.0772
0.7723
-0.1531
0.7506
0.0
0.5256
0.0
0.0
0.0
0.0
0.3612
0.3802
0.0
-0.3595
0.6884
-0.8176
0.0
0.7964
0.5267
0.0
0.0
0.6249
0.6597
0.2023
0.0
0.0
0.25
0.7178
0.7579
0.0
0.296
0.0
0.281
-0.5256
0.0
0.8217
-0.1316
0.0
-0.6908
0.0
0.7712
0.9422
0.0
0.0
0.0
0.5994
0.34
0.0
0.0
0.0
0.8016
0.4927
-0.4767
-0.6908
0.3365
0.09
0.5399
0.0
0.0
0.3182
0.765
0.6124
0.7964
0.8392
0.0
0.0
0.2732
0.0
0.0
0.0
0.6696
0.5158
0.6597
-0.5719
0.0
0.3612
0.5859
0.7654
0.3612
0.0
-0.2865
0.4404
0.6841
0.1027
0.2263
0.0
0.6783
-0.6486
0.0
-0.5334
-0.4767
-0.128
-0.2998
0.5983
0.5574
0.6419
0.3182
-0.9136
0.3818
0.34
0.4199
0.3182
0.8802
0.0
0.0
0.5837
0.4215
-0.7804
0.3612
0.836
0.0
0.3818
0.0
-0.6412
0.4404
-0.186
0.0
0.128
0.0
0.0
-0.4019
-0.7236
-0.296
0.1779
0.8559
0.3818
0.26
0.7901
0.7096
0.0
0.4559
0.8588
0.0
0.0
0.0
0.0
0.6597
-0.6412
0.5859
-0.0127
0.6369
0.0
0.3818
0.6335
0.0
0.0772
-0.6908
0.0
0.9118
0.0
0.0
-0.1877
0.0
-0.7269
0.0
0.9285
0.3365
-0.6908
0.0
0.8126
-0.4939
0.7896
0.0
0.5095
0.3544
0.7076
0.7003
0.0
-0.4003
0.5705
-0.4833
0.0
0.6696
0.0
0.4144
0.4703
0.3612
0.4939
-0.6908
0.5538
0.1779
0.6588
-0.3818
0.0
0.836
0.0962
0.8684
-0.1531
-0.6908
0.2023
0.4404
0.8513
0.0
-0.504
0.296
0.0
0.8067
0.4951
0.2225
0.0
0.0
0.0
-0.636
0.0
0.0
0.0772
0.296
0.0
0.807
0.6932
0.6037
-0.2462
-0.4376
0.9359
0.656
0.4215
0.1027
0.3612
0.6249
0.6784
-0.802
-0.2003
0.5994
0.5983
-0.4588
0.0
0.555
0.4404
0.8862
-0.6009
-0.7236
0.5994
0.0387
0.0
-0.8885
0.2023
0.0
0.8957
0.9216
0.4019
-0.34
0.1139
0.0
0.6369
0.0
0.128
0.0772
0.4939
0.0
0.0
0.6671
0.128
0.4199
-0.4939
-0.4215
-0.2225
0.4549
0.5267
-0.3802
0.0
0.4767
-0.4184
0.0
0.4707
-0.5413
0.0
0.2401
-0.368
0.4215
-0.7906
0.9136
0.0
0.9015
0.8715
-0.6486
0.0
0.5267
0.9148
0.0
0.8074
0.34
0.4199
0.4939
0.0
-0.5093
0.0
0.0
0.0
0.8519
0.4404
0.5951
0.0
0.5574
-0.25
0.7906
0.296
-0.8405
0.4574
0.0
-0.296
0.6908
0.4767
0.0
0.5951
-0.8052
0.0
0.0
0.0
-0.2755
0.8605
0.7964
-0.8271
0.0
0.0
0.0
0.0
-0.3089
-0.2924
0.0
0.6027
-0.4019
0.7184
0.0
0.4926
0.4939
0.4574
0.0
0.0
0.3182
0.3612
0.0
0.0
-0.5106
-0.5859
0.0
0.6908
0.4404
0.0
-0.6908
0.0
0.0
-0.4215
0.0
0.6486
-0.3612
0.5267
0.0
0.0
0.0
0.6776
0.836
0.0
0.624
-0.4019
-0.2263
0.8964
0.3818
-0.296
0.9191
0.0
-0.2023
-0.8301
-0.9184
0.0
0.7901
0.0
0.7639
0.0
0.2732
-0.4724
-0.4389
0.9112
-0.5859
-0.1779
0.7964
-0.2481
-0.3074
0.3818
0.8858
0.5411
0.8126
0.0
0.0
0.3182
0.7096
-0.2263
0.7783
0.4215
0.0
-0.1511
0.0
0.0
0.3182
0.6588
0.4199
-0.5719
0.6408
0.7563
0.5435
0.6124
0.6833
0.1779
0.3182
0.0
0.836
0.8553
0.5719
0.0
0.5399
0.6114
0.8172
0.4215
0.9062
0.0
0.4939
0.4588
0.0
0.1551
0.4404
0.0
-0.296
-0.1531
0.8519
0.4939
0.9062
0.5859
0.4588
0.9321
-0.296
0.0
0.6997
0.9272
0.9331
0.7677
0.0
-0.7469
-0.5354
0.0
0.0
-0.765
0.3612
-0.0624
0.4588
0.0
-0.6908
0.0
0.0
0.8209
-0.3612
0.5719
0.4574
-0.4574
0.0
-0.5267
0.0
0.8779
0.7371
0.5859
0.7964
0.0
0.0
-0.7089
0.8684
-0.6908
0.34
-0.8484
-0.7351
0.4574
0.5256
-0.9136
-0.3612
0.0
0.3612
0.0
-0.34
0.25
0.0
0.1531
-0.6487
0.0
0.0
0.8802
-0.6908
0.4404
0.5542
0.0129
0.4003
0.0
-0.6428
0.0
0.0
-0.1877
0.5432
0.6908
-0.4019
0.0
0.0
0.0
0.0
-0.4215
0.2846
0.7871
0.0
0.6124
-0.4939
0.2023
0.126
0.0
-0.5514
0.0
-0.7177
-0.3612
-0.3964
0.4574
-0.6514
0.0
0.765
0.0
0.0
0.7383
0.0
0.6369
0.7901
0.7177
0.0
0.0
0.4939
-0.8928
0.4588
0.0
0.5023
0.6124
0.0
0.25
0.5106
-0.1531
0.7717
0.4084
0.5983
0.6486
0.3612
0.0
0.5106
-0.6487
0.25
-0.5413
-0.6988
0.5267
0.6289
0.0
0.883
-0.7096
0.6643
0.296
0.4019
0.7845
0.4588
-0.6641
0.5106
0.7861
0.7506
-0.5106
0.7579
0.8209
-0.5399
0.0
0.7506
-0.0954
-0.8271
-0.2023
0.4767
0.0
0.0
0.8038
0.9296
0.1531
0.0
-0.7183
0.2732
0.5859
0.0
-0.5859
0.0387
0.5859
0.7783
-0.9097
0.0
0.8356
0.0
0.4404
0.68
0.2115
0.6892
-0.5106
0.0
0.5696
0.7717
0.5267
0.5859
-0.6369
0.4404
0.0
0.5719
0.5927
0.5267
0.7828
0.6892
0.0
0.0
0.0
0.7184
0.0
0.34
-0.2244
0.6588
0.0
0.1406
0.0
0.5859
-0.6908
0.34
0.5411
0.0
-0.4215
0.0
0.0
0.958
-0.9022
0.0
0.2263
0.0
0.0
0.5859
0.0
0.7213
-0.34
0.8478
-0.4215
0.4404
0.4939
0.7906
0.0
0.2023
0.6597
0.5994
0.8192
0.0
0.8072
0.0
0.5255
0.0
0.0
-0.3612
0.0
0.0772
-0.34
0.4559
0.7906
-0.6597
-0.4767
0.8479
0.8353
-0.802
0.4574
0.0
0.7345
0.2023
0.3595
0.0
0.2484
-0.1511
0.8271
0.802
0.8735
0.6705
0.0
0.5859
0.4926
-0.802
0.6249
0.0
0.3612
-0.2204
0.0772
0.8689
0.0
0.5837
0.5106
0.0
0.4588
0.0
0.9289
0.6369
0.5475
0.5093
0.0
0.34
0.2732
0.2648
0.6678
0.0
-0.2584
0.0
0.8436
0.3164
0.7964
-0.5106
0.4015
0.5549
0.4404
0.717
0.4754
0.0
0.6351
0.6114
-0.743
0.0
0.0
-0.7177
0.4019
0.0
0.6369
0.7884
0.7303
0.0
-0.7096
0.7243
0.2598
-0.0772
0.0
0.0
0.7269
-0.2584
0.9349
0.5423
-0.1027
0.0
0.8723
0.0772
0.8395
0.7906
-0.5499
0.0
0.0
0.6988
0.0
0.5673
0.0
0.5562
0.0
0.2695
0.6989
-0.4299
0.3802
0.0
0.0
-0.168
0.5598
0.6114
0.2023
0.7902
0.7579
-0.1045
0.0
0.0
0.4939
-0.34
0.5095
0.6304
0.3612
0.0772
0.0
0.4019
0.4019
-0.4767
0.0
0.5106
0.4927
0.5875
0.0
-0.902
-0.5574
0.4199
0.3544
0.4404
0.0
0.7494
0.8622
0.0
-0.471
0.34
0.4404
0.9106
-0.5187
0.4215
0.7579
0.0
0.3612
0.8659
-0.0772
0.4019
0.1739
0.9201
-0.631
0.0
0.0
-0.8225
0.8225
0.4199
-0.0516
0.6739
0.34
0.5994
0.2369
0.4374
0.4215
0.0
0.34
0.0
0.5316
0.9146
0.8114
-0.2023
0.0943
0.34
0.5983
0.3786
0.6966
-0.1531
0.0
0.6996
-0.7809
0.743
0.3612
0.555
0.0
0.6705
0.0
0.0
0.0
0.7184
0.886
0.4939
0.6298
0.0
0.0
-0.5399
0.0772
-0.1027
0.4118
0.7998
0.0
-0.3164
0.0
0.6258
0.4926
0.0
0.4404
0.9429
0.5388
0.0
0.875
-0.3786
0.0
-0.0772
0.4019
0.7351
0.0
0.6486
0.0
0.5719
0.0
-0.4588
0.0
0.128
0.7696
0.431
-0.4215
-0.0258
-0.5719
-0.765
0.0
0.34
0.0
0.0
0.0
0.6476
-0.4215
0.0
0.5719
0.4019
0.7003
0.4588
0.0
0.5719
-0.5076
0.7506
0.3612
-0.2515
-0.6625
-0.0067
0.0
0.5859
-0.3464
0.296
0.0
0.9203
0.0
0.5423
0.1531
0.0
0.6369
-0.3612
-0.6688
0.4215
0.5399
0.0
0.5106
0.3382
-0.296
0.0
0.3612
0.0
0.6096
0.34
0.8316
0.5067
0.0941
-0.2003
-0.5719
0.0772
0.4404
0.2732
0.9483
-0.4707
-0.2846
0.0
0.7076
0.8221
0.4019
-0.4404
0.0
-0.2263
0.6908
0.8625
0.5719
0.0
0.0
0.4939
0.0
0.5848
0.0
0.34
-0.34
0.0
0.6679
0.9603
0.4939
0.0
0.1027
0.0
0.0
0.0
0.7482
0.2263
0.0
0.4694
0.0
0.0
0.5106
0.7906
0.6114
0.0
0.8398
0.34
0.8398
-0.5574
0.6892
0.0
0.0
0.0
0.8955
0.0
0.6714
-0.34
0.3182
0.3976
0.3612
0.4926
-0.0516
0.4118
-0.1027
0.0
-0.2481
0.0
-0.3578
0.0
0.0
0.0516
0.0
0.8588
0.6696
0.0
-0.6688
0.0
-0.7067
0.3802
0.1027
0.4588
0.4019
0.5106
0.7701
0.5859
0.0
0.7506
0.7964
0.0772
-0.3235
-0.1779
0.6748
0.6249
0.7506
0.128
0.4199
0.6671
0.7456
0.938
0.0
0.4404
0.0
0.3182
0.7983
0.4003
0.4588
0.0
-0.2023
0.0
0.0
0.0
0.6369
-0.2212
0.1779
-0.6124
0.0
0.7707
-0.4927
0.7405
-0.6093
0.5562
0.5647
0.0
0.0
0.4939
0.4278
0.4019
0.0
0.0
0.8975
0.5673
-0.3182
0.2714
0.5994
0.0
0.0258
0.2714
0.4588
0.0
0.5574
-0.3818
0.7906
0.0
0.4926
-0.4588
0.0
-0.6239
0.6166
-0.743
0.4215
0.0
0.8313
0.0
0.0
0.2263
0.4215
-0.1511
-0.5574
0.0
-0.4341
0.0
0.0
0.0
0.0516
0.6103
0.8268
0.7424
0.8126
0.3164
0.3612
0.0
0.5475
0.0
0.0
0.0
0.4218
0.0
0.508
0.4574
0.8436
0.4588
0.34
-0.34
0.3802
0.9104
0.4019
-0.128
0.8016
0.836
0.0
0.0
0.0
0.0
-0.0191
0.0
0.5191
0.7612
0.0
-0.1779
0.7177
0.0
0.4926
-0.2404
0.0
0.8687
0.34
0.0
0.3802
0.5707
0.0
-0.3818
-0.0913
0.7735
-0.4019
0.0
0.8788
0.4572
0.0
0.3612
-0.7506
0.6249
-0.4218
0.6696
-0.296
0.0
0.4404
-0.0772
0.3182
0.0
0.1739
0.4588
0.891
-0.1027
0.0
0.4767
0.0
0.0
0.0
0.9325
0.952
-0.4003
0.0
0.8283
0.4019
0.0
0.3595
0.3612
0.5826
0.4404
0.0
0.4588
0.7096
0.6784
0.7506
0.0
0.6757
0.7184
0.6892
-0.3604
0.0516
-0.4939
0.4939
0.6784
-0.4696
-0.3182
-0.8271
0.2144
0.0
0.1779
-0.1779
0.0
0.0
-0.2481
0.0
0.8302
0.9356
0.0
0.6948
0.0
0.0
0.0
-0.0258
0.0
0.5106
0.8424
0.0
0.4588
-0.4019
0.3612
0.0
0.0
-0.3612
-0.2023
0.6249
0.7269
0.6114
-0.1655
-0.2732
0.54
-0.5354
0.7845
0.0
-0.0516
0.7269
0.5562
0.5972
0.508
0.8779
0.0
0.0
0.3612
0.3612
-0.6908
-0.3442
0.7717
0.4215
0.3252
-0.5859
0.5574
0.5411
0.4753
-0.0299
0.0
0.3802
0.0
0.0
0.5719
0.0
0.7506
0.3903
0.6369
0.6808
0.8834
0.2924
-0.4019
0.0
0.0
-0.4574
0.4738
0.0
0.5994
0.0
-0.7269
0.8934
0.9059
0.0
-0.5574
0.0
0.0
0.5267
0.7506
0.6249
0.7074
0.541
-0.6705
-0.794
0.128
0.25
0.6808
-0.4215
0.0
0.0
-0.128
-0.5994
0.765
0.6249
0.0
-0.6908
0.957
0.6249
0.7574
0.2023
0.1007
0.6908
0.3612
-0.5106
0.0
0.0
-0.3612
0.0
0.2081
0.0
0.0
0.8564
0.6449
0.6671
0.0
0.4019
0.0
0.0
0.0
0.4019
0.0
0.0
-0.5106
0.0
0.7096
0.0
0.8652
0.5972
0.3802
0.0
0.5399
0.0
0.5859
0.5859
0.0
-0.5859
-0.5994
-0.2672
0.3182
0.6239
0.4997
0.7184
-0.6059
0.0
0.6908
0.715
0.6751
-0.7446
0.8013
0.4574
0.1139
0.0
0.34
0.0
-0.296
0.0
-0.296
0.5893
0.0
-0.296
0.0
0.0
0.4215
0.8807
0.0
0.3182
-0.5267
0.0
0.0
0.0
0.0
0.0
0.0
0.3802
0.0
0.0
0.6249
0.34
0.6597
-0.0516
0.8942
0.0
0.3365
0.0
0.4466
0.8225
0.7906
0.4588
0.7003
0.6705
0.8885
0.0
0.4019
0.0
0.6249
0.0
0.5719
0.8402
-0.6553
0.0
0.0
0.4215
0.0516
0.4728
0.0
0.0
0.0
0.0
0.34
0.34
0.0
0.1531
0.0
0.2023
0.5787
-0.7177
0.2023
0.4767
0.0
0.0
0.5719
0.0
0.3164
-0.6408
-0.2732
0.0
0.0
0.0
0.6808
0.7256
0.5106
0.7845
0.3182
0.6229
-0.9312
-0.4215
-0.1007
0.4588
0.6671
-0.2263
0.4939
0.0
0.0
-0.5093
0.0
0.8126
0.765
0.8111
-0.5994
0.9201
0.0
0.9274
0.6902
0.7104
-0.296
0.0
0.0
0.0
0.3382
-0.8091
0.6975
0.5267
-0.4019
0.5719
0.4588
0.6289
0.0
0.7339
0.792
0.2244
0.0
0.6103
0.3182
-0.128
0.0
0.0
-0.5994
-0.6808
0.6369
-0.6249
-0.0021
0.0
0.0
-0.5719
-0.7351
0.6887
0.5106
-0.296
0.7568
-0.2481
0.5161
0.3182
0.7345
0.0
0.0
0.0
0.7184
0.6124
0.807
0.0
0.0
0.0
0.8596
0.4019
0.0
0.8125
0.3612
0.4199
-0.658
-0.5106
0.0
-0.5106
0.4588
0.0
0.3716
0.75
0.8109
0.6671
0.0
0.0
0.7996
0.7742
0.0
0.4199
0.0
0.0
0.2023
0.296
0.7712
0.0
0.8779
-0.5106
0.0
0.5994
0.3818
0.5994
0.0
0.3818
0.0
0.3802
0.1531
0.5106
0.0
0.0
0.128
0.6808
0.4019
-0.296
0.0
0.598
0.2023
0.0
0.4939
0.0
0.7739
0.3182
0.431
0.0
-0.1984
0.0
0.34
0.4019
0.0
0.8851
0.3595
0.0
0.7081
0.0
0.0
0.4199
0.0
0.0
-0.25
-0.4939
0.2942
0.6239
0.0
-0.0818
0.6249
0.0
0.6597
0.0
0.8346
0.0
0.7345
0.0
0.0
0.0
0.0
0.5106
0.8687
0.1867
-0.4019
0.0
0.8964
-0.4215
-0.0258
0.8481
0.0
0.552
0.0
0.2732
0.128
0.0
0.0
-0.1027
0.0
0.8854
-0.4019
-0.8126
0.0
0.5837
0.0
0.4404
0.476
-0.0772
0.1695
0.0
0.3612
0.5411
0.8146
-0.5267
0.4926
0.4939
-0.3007
0.6369
0.0
0.8555
0.7066
0.802
0.743
0.0
0.6114
0.4588
-0.5267
0.4019
0.8975
0.0
0.0
0.0
0.6544
-0.9325
0.0
-0.5106
0.4767
0.1531
-0.3612
0.4939
0.1695
-0.2732
-0.4588
0.0
0.5707
0.6908
-0.296
-0.5423
0.0
0.7003
0.5719
-0.2263
-0.8176
0.0258
-0.5621
0.3291
0.0
0.0
0.2055
0.5267
0.2797
0.0
0.5267
0.0
0.6369
0.3612
0.8016
0.0
0.0
-0.5719
-0.6562
0.2263
-0.6943
0.0
0.6016
0.0
0.5859
0.0
0.4588
0.0
0.5719
0.0
0.5859
0.7399
0.0258
0.4019
0.7845
0.4404
0.0
0.4939
0.0
-0.1154
-0.6956
0.5859
0.5859
0.0
0.6808
0.0
0.0
0.7506
-0.8772
-0.4168
0.5951
0.6739
0.5893
0.4939
-0.34
0.6671
0.4404
0.0
0.6369
0.0
0.5473
0.8429
0.5423
-0.4215
-0.3818
0.34
0.8613
0.0
0.0
-0.4767
0.3612
0.3612
0.0
0.0
0.3595
0.0
0.9337
0.7088
0.7003
0.5563
0.0
0.765
-0.5574
0.3612
0.0
0.0
0.0
0.3818
0.34
0.5093
0.25
0.877
0.0
0.0
0.5994
0.0
0.128
0.0
0.7568
0.4228
-0.765
0.0
-0.8232
-0.3786
0.87
0.2263
0.0
0.0
0.4939
-0.4215
0.4767
0.4215
0.0
0.0
0.0
0.6908
0.0
0.0
-0.5255
-0.6705
0.8955
-0.4404
0.0
0.5003
0.3612
0.4019
0.6688
0.0
0.4939
0.7067
0.2263
0.7003
0.5106
0.2263
0.2023
-0.7906
0.8885
0.0
-0.4404
-0.1779
-0.2425
0.6696
-0.2732
0.7177
0.4588
0.0
0.5837
0.0
0.7269
-0.5423
0.7003
0.3802
0.6369
0.0
-0.7184
0.6523
0.0
0.431
0.7964
0.0
-0.0772
0.3384
0.2263
-0.4003
-0.1832
0.5859
-0.296
0.0
0.0
0.4215
0.7672
0.34
-0.7786
0.6369
-0.1513
0.6988
0.0
0.0
0.8164
0.0
0.8217
-0.4648
0.0772
0.0258
0.3802
0.0
0.5707
0.0
0.6369
0.0
0.0
0.5106
0.296
0.0
-0.7562
0.0
0.25
0.5707
0.3786
0.0
-0.5859
0.0
-0.5233
0.0
0.0
0.5859
-0.1326
0.0
0.6808
0.0
0.25
-0.4767
-0.6677
0.0
0.5106
0.0
0.7269
0.4926
0.0
0.7964
0.4939
-0.1027
0.7964
-0.1655
0.128
-0.4215
0.0
0.0
-0.4404
-0.4019
-0.4588
-0.9287
0.0
0.0772
-0.3786
-0.3182
0.3182
0.0
0.0
0.5719
0.8718
0.4404
0.5994
0.7345
0.3071
0.4019
-0.7351
-0.34
-0.296
0.1984
0.0
0.0
0.0
0.0
0.0
0.0
0.0
-0.561
0.6369
0.0
0.4199
0.6467
0.5994
0.8902
-0.6124
0.34
-0.5106
0.34
-0.2263
0.7351
-0.5574
0.3182
0.0
0.1511
0.0
-0.2411
0.0
-0.2003
-0.466
0.6597
0.4588
0.4588
-0.7506
0.0
-0.296
0.0
0.0
0.5267
0.4215
0.0
0.5106
0.5106
0.0
0.4019
0.636
0.7424
0.0
0.0
0.34
0.3818
0.0
0.0772
-0.3818
0.7028
0.4425
0.0
0.0
0.0
0.8099
0.8578
0.4574
0.4767
-0.2755
-0.5994
-0.296
-0.3802
0.4003
-0.3832
0.0
0.3802
-0.5719
0.0
0.0
0.2695
0.5374
-0.1027
0.4019
-0.3291
0.9429
0.6369
0.0
-0.4588
0.0
-0.126
-0.5267
0.836
0.7896
0.8316
0.1027
0.5719
0.4588
0.6249
0.0
0.0
0.6553
0.0
0.7684
0.9446
0.5719
0.0
0.7181
0.0
0.867
0.8674
-0.7351
0.0
0.0
0.0
0.0
-0.1511
0.3182
0.8544
0.3612
0.0
0.504
0.0
0.0
0.7269
0.5826
0.2732
0.7184
0.0258
0.0
0.8481
0.0
0.4019
0.8122
0.0
0.0
-0.6093
0.8439
0.4939
0.6331
0.9485
0.6341
0.3716
0.7003
0.0
0.4019
-0.5848
0.0258
-0.7506
0.5411
0.0
0.0
0.0
0.0
0.0
0.0
0.3612
0.0
0.0
0.0
0.0
0.0
0.0
0.0
0.34
0.555
0.0
0.7783
0.128
0.0
0.0
0.0
0.0
0.0
0.7003
0.0
0.0
0.34
0.0516
0.5411
-0.4767
0.0
0.3612
0.4215
0.0
0.5719
0.0
0.7378
0.0
0.0
0.0
0.6908
0.0
0.0
0.0
0.3612
0.0
0.4019
0.4199
0.34
0.636
0.0
0.0
0.0
0.0
0.7429
0.6249
0.4753
0.4588
0.5411
-0.2023
0.4898
0.6808
0.4003
0.7263
0.0
0.8567
0.0
0.8972
-0.3182
0.6876
0.5473
-0.4404
0.6369
0.6597
-0.8876
0.7832
0.0
0.0
0.0
0.0
0.0
0.2023
0.4576
-0.5719
0.5255
-0.3716
0.0
0.0186
0.6369
0.0
0.2714
0.0
0.3903
0.7717
-0.2732
0.2023
0.466
-0.5574
0.6817
0.4404
-0.4019
0.5994
-0.4019
0.0
0.9029
0.0
0.1027
0.0
0.0
0.4939
0.5719
-0.4019
0.4767
0.738
0.6562
0.0
0.0
0.7717
0.0
0.6369
0.636
0.4926
0.0
0.2732
0.0
0.8075
0.4404
-0.7579
-0.577
0.0
0.128
0.5707
0.0
-0.6641
0.5267
-0.2263
0.4926
0.5093
0.0
0.0
0.0
0.4215
-0.8271
0.2263
0.0
0.5719
0.7707
0.4019
0.0
0.0
0.0
-0.2732
0.0
0.2732
0.0
0.4019
0.7845
0.3971
0.69
-0.2732
0.0
0.4939
0.7269
0.5514
0.6369
0.0
0.9274
0.25
0.34
0.891
-0.4939
0.0
0.7684
0.0
0.5859
0.4215
0.0
0.0
0.0
0.0
0.4215
0.5994
0.906
0.5106
0.6114
-0.4215
0.7371
0.4184
0.0
0.3612
0.4926
0.2481
0.0
0.0
0.0772
0.4753
0.3597
0.5093
0.6908
0.0
0.8007
-0.5599
-0.4753
0.6124
0.0
0.0
-0.2023
0.6504
0.7096
0.34
0.2263
0.889
0.7003
-0.1531
0.0
0.4019
0.4199
0.8805
0.0
0.0
0.607
0.0
0.0
0.7959
0.0
-0.0258
-0.128
0.7783
0.0
0.7184
0.1759
-0.4019
-0.1217
0.8217
0.0
0.3987
0.0
0.34
-0.7351
0.3578
0.0
-0.5106
0.0
0.0
-0.128
0.8038
0.0
0.0
0.0
0.0
0.0
-0.5962
0.0
-0.5574
0.421
-0.1531
0.5859
0.8979
0.0
-0.0772
0.2023
0.6808
0.4215
-0.7096
0.8316
0.7964
-0.4019
0.5951
0.0
0.68
0.6688
0.5994
0.0
0.4939
0.34
-0.1677
0.6705
-0.4404
0.0
0.25
0.8623
0.0
0.5106
0.4215
0.4588
0.0
0.481
0.6369
0.8555
0.7182
0.1943
-0.2732
0.5562
0.6369
0.0
0.0516
0.7711
0.636
0.0
0.4926
0.0
0.0
0.0
0.0
-0.1531
-0.0772
0.8695
0.1513
0.0
0.4588
0.3612
0.886
0.7424
0.0
0.0
0.8016
0.0
0.296
0.2942
0.7269
0.7096
-0.4782
0.7088
0.0
-0.0516
0.0
0.1531
0.5719
-0.6808
0.0
0.0
-0.0516
0.0
0.4404
0.0516
0.5374
0.7269
0.0
-0.5983
0.4939
0.3164
0.0
0.3054
0.0
0.9126
0.6369
0.0
0.7506
0.5719
0.0
0.0
0.6249
0.5267
0.8555
0.3071
0.0
0.8271
0.6908
-0.4404
-0.4926
0.765
0.0
0.0
0.3716
0.0
0.0
0.0
0.4404
0.34
0.0
-0.296
0.7405
0.6239
0.0
-0.4939
0.4019
-0.3182
0.0
0.3382
0.6114
0.7019
0.0258
0.0
0.5413
0.7483
0.653
0.5473
0.8475
0.0
0.7809
0.34
0.8287
0.504
0.4019
0.7891
-0.2313
0.0
-0.8007
0.0
0.0
-0.4497
0.9214
-0.4215
0.0
0.4926
0.8176
0.0
-0.4404
0.0
-0.1779
0.0
0.0387
0.0
-0.34
0.0
0.6114
0.0
0.6369
0.3802
0.7269
0.0
0.4003
0.0
0.0
0.8257
-0.6808
0.6486
0.623
0.3164
-0.3182
-0.1027
0.4939
0.7177
0.126
0.5938
0.2263
0.4404
0.0
0.6841
0.9133
0.3612
0.8522
0.0
0.0
0.0
0.34
0.5709
0.0
0.0
0.0
0.6369
0.3802
0.1779
-0.4023
0.0
0.6239
0.0
0.1531
0.4926
0.8475
0.8949
0.7696
0.8906
0.6115
0.6103
0.4767
0.4404
0.8879
-0.126
-0.4574
0.0
0.122
0.0
0.9231
0.6103
0.0
0.7506
0.0
0.6249
0.6696
0.7946
0.5562
0.5574
0.8519
0.9399
0.3612
0.6696
0.4885
0.0
0.34
