0.8373
0.7964
0.296
0.4939
0.7717
0.4201
-0.802
0.8126
0.5719
-0.3331
-0.5346
0.0
0.0
-0.6249
0.6096
-0.7096
0.6369
0.6652
0.0
0.8591
0.6249
0.0
0.7304
-0.7003
0.6249
0.0
0.743
0.872
-0.128
0.4404
-0.6486
-0.3612
-0.286
-0.6486
0.343
0.5267
0.0102
0.7065
0.0
-0.4939
-0.5267
-0.5574
0.34
-0.3612
0.0
0.8001
-0.4019
0.4201
0.5859
-0.1531
-0.5106
0.8689
0.0
-0.3959
0.0
0.0
0.4404
0.6249
0.0
0.4588
0.2484
0.0
0.0
-0.2648
0.4767
-0.34
0.8777
0.0
-0.4019
0.0
0.049
-0.6808
-0.296
-0.4939
0.4404
-0.6115
-0.6642
0.1027
-0.4215
-0.9
0.0
0.4019
0.0
-0.8115
-0.936
0.2263
-0.4767
-0.8689
0.6115
0.4576
0.6249
0.4939
0.7351
0.7184
0.0
0.8674
0.5106
0.7125
0.5719
0.7579
0.4939
-0.6408
0.5994
0.5994
0.4404
0.4404
0.2484
0.5719
0.909
0.8331
-0.0772
0.6249
0.8597
-0.3818
-0.1027
-0.8074
-0.8555
-0.4767
-0.8591
-0.8126
-0.6794
0.5859
0.4019
-0.3818
-0.7845
0.0
0.0
-0.8374
-0.8857
0.3716
0.0
-0.7865
0.0
0.2732
-0.4019
0.0
-0.25
-0.4215
0.7762
-0.34
0.0
0.0516
0.5473
0.7034
0.4767
0.6249
0.8807
0.0571
-0.3439
-0.4585
0.0
-0.4215
0.128
-0.6478
0.0772
-0.4404
0.1779
-0.5423
0.0
-0.5268
-0.2732
-0.5999
-0.1531
0.0
-0.8266
0.5719
-0.4215
-0.0857
0.9029
0.0
0.7125
0.9049
-0.4404
0.9266
0.7906
0.6597
0.8074
-0.5423
0.7346
0.873
-0.2263
0.6369
0.4588
0.7717
-0.296
-0.8636
-0.6301
0.5346
0.4404
0.6369
0.0516
0.6249
-0.2382
0.7906
0.6038
0.6249
0.971
0.0
0.4404
-0.5994
0.2259
0.5574
0.4754
0.3182
0.8056
0.4588
0.6369
-0.6133
0.0
-0.4767
0.836
0.0
0.5095
0.0
0.4404
0.5994
0.5984
-0.5413
-0.7239
0.6249
-0.3612
-0.5719
-0.3612
0.6369
-0.5423
0.0
-0.5423
-0.34
0.6361
-0.745
0.0
0.7351
0.822
0.7034
-0.5574
0.937
0.0
0.8074
0.9274
0.0
0.0
0.4576
0.4754
0.0
-0.5423
0.0
0.4215
0.0
0.0
0.0
-0.6369
-0.7351
0.5719
-0.6269
0.6166
0.7885
0.2732
0.0
0.4404
0.6948
-0.5423
0.296
0.0
0.4576
-0.0798
0.6249
0.6486
0.4939
0.7964
0.5106
0.918
0.9042
0.9062
0.4754
0.6249
-0.4588
0.7269
0.3612
0.34
0.507
0.8286
0.5994
-0.7269
-0.4585
-0.0516
0.0
-0.5267
-0.2023
0.4404
-0.855
0.0
-0.4767
-0.7728
-0.8481
0.0
0.0
-0.5719
-0.7269
-0.7291
-0.7845
-0.4019
-0.5698
-0.3818
0.0
-0.4019
-0.5423
-0.6712
-0.3412
0.6486
0.4927
-0.5719
-0.5719
-0.5719
0.0
0.0
0.0
-0.8038
0.872
0.0
0.4576
-0.5423
0.5267
0.656
0.3612
0.7269
-0.3612
0.8555
0.1533
0.4588
0.128
-0.21
0.5563
0.0772
0.4967
0.3612
0.9703
0.4005
0.802
0.3818
0.7269
0.6925
0.7579
0.4404
0.9062
0.2466
-0.3612
-0.6511
-0.0516
0.3182
0.7579
0.8591
0.9114
0.8173
0.7951
0.0
-0.9661
0.0
-0.4019
-0.796
