0.2263
0.0
0.4019
0.8637
0.0
0.0
0.5171
0.4588
0.3612
0.8777
0.7579
0.9093
-0.5106
0.0
0.2577
-0.2023
-0.0601
0.6369
0.0
-0.7184
0.6103
0.8842
0.7973
0.6808
-0.5216
0.5374
0.0
0.938
-0.4153
0.0
0.0
-0.1779
-0.5106
0.4753
0.4939
0.0
0.836
-0.3612
-0.0258
-0.1027
0.0382
0.0
0.0
0.0
-0.5423
0.0
0.0772
0.0
0.0
0.0
0.4215
0.0
0.4019
0.25
0.0
0.6808
-0.296
0.4588
0.0
0.5106
-0.7003
-0.6486
-0.6428
0.6249
0.6996
0.7717
0.4588
0.8168
0.8893
0.8957
0.0
0.0
-0.2732
0.5242
0.0
0.0
0.0
-0.34
-0.2732
0.0
0.0
0.9028
0.3506
0.0
0.5093
-0.7263
-0.296
0.0
0.0
0.7769
0.0
0.2058
0.5719
0.3182
0.4404
0.0
-0.3182
0.8697
0.7713
0.4019
0.2263
0.0
0.784
0.4939
0.3612
0.0
0.0
0.6705
0.0
0.6908
0.5053
-0.0572
0.6689
-0.4981
0.0
0.0
-0.2023
0.9246
0.0
0.8074
0.8723
0.0
0.7184
-0.7661
0.1275
0.5106
0.9555
0.1511
0.906
0.0
0.7003
-0.2732
-0.7574
0.7125
0.5574
-0.3664
0.2824
-0.3855
0.4019
0.4201
-0.7269
-0.6476
0.5994
0.0
-0.4404
-0.296
-0.6486
0.4939
0.4421
0.765
0.6654
-0.1531
0.6669
-0.5267
0.0
0.0
0.4199
0.2023
0.7003
0.296
0.4404
0.0
-0.3597
-0.395
0.7964
0.0
0.4003
-0.0772
0.6124
0.7351
0.5319
0.1906
-0.6486
0.6795
0.7125
0.4939
0.7096
0.4588
0.0
-0.0772
-0.0572
0.6166
0.4404
-0.5859
0.0
0.4404
0.0
0.0
0.4215
0.5859
0.3182
0.0
0.4404
0.0
0.6369
-0.6808
0.5684
0.8174
-0.68
0.9299
0.8481
0.7717
0.714
0.0
0.3612
0.8064
-0.3201
0.9047
-0.4019
0.0
0.0
0.0
-0.5423
0.7399
0.0
0.0
0.0
0.0
-0.7545
0.4215
0.3612
0.6159
0.4588
0.0
0.8197
0.0
-0.296
0.8999
0.0772
-0.3736
0.7339
-0.5927
0.5994
-0.1027
0.9397
0.4588
0.8126
0.0
-0.0772
0.0
0.25
-0.296
0.0
-0.34
0.0
0.1796
0.6369
0.2732
0.7469
-0.0951
-0.4939
-0.2406
-0.8994
0.4019
0.4588
-0.7003
-0.2387
-0.833
-0.2185
-0.3595
-0.0516
-0.9028
-0.7268
-0.3182
0.9175
0.8739
-0.5671
0.0
0.3182
0.0
0.2633
0.0
-0.296
0.0
0.8356
0.6696
0.2477
0.4215
0.644
0.4404
0.8122
0.0
-0.2462
0.7964
0.0
0.917
-0.34
0.0
-0.7783
0.0
-0.4299
0.8398
0.4939
0.5095
-0.296
-0.6887
-0.6876
0.0
-0.4215
0.0
0.25
0.0
0.3818
0.7201
0.7377
0.9366
0.4456
0.0
0.4588
0.902
0.0
-0.1531
0.0
-0.7159
-0.5423
0.4404
0.7579
0.3182
0.0
0.0
-0.5574
-0.5228
0.4019
-0.1531
0.0
-0.34
0.0
0.0
-0.5859
0.0
-0.0679
0.4404
0.0772
-0.4466
0.4215
0.0
-0.25
-0.0552
0.784
0.0
0.0
0.0
0.0
-0.5574
0.4588
-0.6597
0.0
-0.4019
0.0
0.6598
0.0
0.0
-0.2023
0.0
0.8625
0.7506
0.0
0.831
0.3612
0.0
0.6249
0.0
0.0
-0.3976
0.0
-0.0772
0.3182
0.6588
0.8316
0.0
0.6902
0.4939
0.8625
0.1295
0.5994
-0.2023
0.0
-0.5972
0.0
0.6705
0.5696
-0.6486
0.0
0.4559
-0.6988
0.3987
-0.3182
0.3612
0.0
0.3182
0.743
0.0
0.8139
0.6369
0.0
0.0
0.4767
0.0
0.9576
0.0
0.811
0.0
0.3612
0.6369
0.4404
0.3367
0.8172
0.0
0.0
0.296
0.0
0.0
-0.2732
-0.9184
0.0
-0.7278
0.3182
-0.8237
0.4926
0.5759
0.6514
0.0
0.9008
-0.4019
0.2714
0.0
0.1531
0.0
0.0772
0.3612
0.4199
0.8795
0.0
0.0
0.4199
0.6884
-0.128
0.0
0.6486
0.5719
-0.7882
0.0
0.0
0.7424
0.4939
0.0
0.0
0.8126
-0.1348
0.914
0.0
0.4939
0.6369
0.628
-0.25
0.5093
0.5106
0.7506
0.0
-0.6408
-0.0428
0.0
-0.2244
-0.5033
0.0
0.0
-0.1779
0.0
0.4767
0.4588
0.6486
0.0
0.8658
-0.5423
0.0
0.8902
-0.6124
-0.6322
0.0
0.9565
0.6996
0.0
0.4927
0.0
0.6361
0.6523
0.0
0.0
0.3612
-0.0516
0.0772
0.4767
0.7263
0.7249
0.0
0.3818
-0.0258
0.128
0.6486
-0.2023
0.0
0.5106
0.539
0.0
0.431
0.0
0.8957
0.7096
0.8555
0.0
0.0
0.4404
0.4926
0.6697
0.805
0.7027
-0.623
0.8221
0.0
0.4215
0.4648
0.5994
-0.6369
0.565
0.6369
0.0
0.5122
0.9047
0.9559
0.0
0.2617
0.1124
0.0
0.9151
0.8114
0.0
0.3612
0.8564
0.0
0.6336
0.4404
0.8384
0.5093
0.088
0.6833
0.0
-0.4939
0.9423
0.5093
0.3818
0.0
-0.1877
-0.3626
0.3303
-0.0516
0.8091
0.6553
0.5423
-0.4404
0.8472
0.8126
0.4466
0.0
0.0
0.0
0.8599
0.2481
0.0
0.0
0.765
0.0
0.7571
0.296
0.0
0.4019
0.872
0.5859
0.8316
0.8268
0.7867
-0.5255
-0.212
0.3034
0.5307
0.9405
0.8893
0.5093
-0.6249
0.0
0.6369
0.7177
-0.2732
-0.1689
-0.34
-0.4019
-0.4753
0.0
-0.4019
0.0
0.0
0.7269
0.4588
0.4199
-0.1511
0.0
0.1779
0.1573
0.0
0.0
0.5673
0.2263
0.7586
0.0
0.6124
0.0
0.0
0.0
0.4404
0.9201
0.0
-0.3612
0.4215
0.0
0.5106
0.0
-0.1032
0.0772
0.6946
0.0
-0.4215
0.5661
-0.6808
0.765
0.0
0.0
0.9393
0.0
0.0
0.0
0.7351
0.5473
0.0
0.8286
0.6588
0.0
0.7096
0.3612
0.3804
-0.0516
0.0
-0.7964
0.0
0.0
0.8957
0.0
0.0
0.8834
0.0
0.4588
-0.34
-0.34
0.0
0.6696
0.0
0.8903
0.8316
0.0
-0.2462
0.0
0.0
0.0
0.4767
0.3365
0.0
0.8074
-0.3182
0.0
-0.1069
0.0
0.128
0.0
0.2263
0.0
0.8478
0.0
0.5563
0.6322
0.0
0.0
0.6486
0.3291
0.6416
0.8225
0.7125
-0.296
0.0772
0.0
0.6256
0.0
0.6249
-0.659
0.0
0.0
-0.6841
-0.5707
0.8436
0.0
0.5734
0.453
-0.69
-0.6876
0.0
0.128
0.5574
0.743
0.8553
0.0
0.0
0.0
0.0
0.0
0.4939
-0.3818
0.1027
0.0
0.6408
0.0
0.0
0.0
0.128
-0.7345
0.1851
-0.871
0.9409
0.0
0.3802
0.8658
0.0
0.6369
0.4588
0.7723
0.4939
0.0
0.765
0.0
0.4939
0.8083
0.2003
0.7946
0.5563
0.2263
0.0
0.2787
0.7783
0.0
0.8619
0.0
-0.6249
0.0
-0.8173
0.7964
0.4215
0.0
-0.2185
0.0
0.0
0.5093
0.0
0.5994
0.0
0.0
-0.4767
0.0
0.7096
-0.8395
0.0
0.9634
0.5267
0.6369
-0.1675
0.8268
0.747
0.4215
0.6467
0.7424
-0.3252
0.2732
0.8625
0.0951
-0.1911
0.4588
0.0
-0.3527
0.4574
0.0
0.6114
0.0
0.7003
0.5574
0.686
0.0
0.0
0.0
0.0
0.4902
0.4588
-0.1027
0.5106
0.7163
0.0
0.0
0.0
0.0
0.0
-0.5859
-0.7506
0.6808
0.5229
0.0
0.5106
-0.6087
0.0
0.0
0.4019
0.4404
0.0
0.3182
0.0772
0.3595
-0.5848
0.4404
0.902
0.0
0.0
0.1531
0.0
0.4019
0.8135
0.2225
0.541
0.0
0.0
0.0
-0.6739
-0.6199
0.9555
0.6546
0.0
0.0
-0.0516
0.0
0.8429
0.0
0.2732
0.0
0.7156
0.8679
0.0
0.5622
0.5158
-0.1926
0.0
0.6146
0.5267
0.0
0.7547
0.3561
0.2732
0.0
0.0
0.8268
0.6369
-0.4019
0.9493
0.6966
-0.3786
0.0
0.6288
0.3987
0.0
0.0
0.4939
0.2732
0.8345
0.0
-0.643
0.4215
-0.4767
-0.1779
-0.636
-0.3182
0.4215
0.8439
0.796
0.4767
0.8882
-0.7256
0.6973
0.3527
0.7345
0.0
-0.2023
0.0
0.8126
0.7964
0.0
0.6808
0.2556
0.0
0.9151
0.0173
0.3612
0.2481
-0.5859
0.4696
0.0
-0.3753
0.2023
0.0
-0.7778
-0.4122
0.9147
0.3612
0.4215
0.0
-0.5423
0.4871
0.2263
-0.1037
-0.34
0.6166
-0.7351
0.784
0.3612
-0.3182
0.0
0.4404
0.7263
-0.2846
-0.6461
0.0
0.6908
0.5423
0.1027
-0.5719
-0.8117
0.0
0.0
0.9204
-0.2263
0.0
-0.9186
0.4404
0.2238
0.25
-0.7712
0.0
-0.1015
0.3254
0.5859
0.0
-0.2846
0.0
0.6314
0.0
-0.2411
0.9373
0.0
0.6278
0.8118
0.0
0.5255
0.0
-0.4404
0.9246
0.0
0.0
0.8842
0.0
0.7568
0.34
0.0
0.8481
0.7579
0.7061
0.8176
0.5883
0.0
0.0
-0.7184
-0.5319
-0.7332
0.0
0.0
0.357
0.0
0.0
0.3612
-0.2197
0.4019
0.2023
-0.0516
0.7184
0.4588
0.5093
0.5106
0.5756
0.9324
0.6908
0.0
0.4588
0.3802
0.4215
0.0
0.4215
0.0
-0.2263
-0.2755
0.0
0.8316
0.0
0.0
-0.3919
0.0
0.0
0.8511
0.0
0.9235
0.7551
0.7041
0.9169
0.1531
0.0
0.4404
-0.3182
0.0
0.0
0.3612
0.25
0.1511
0.0
0.3612
0.7263
-0.7821
0.0
0.9041
0.0
0.835
0.7865
-0.7223
0.3612
0.802
0.4753
0.4959
0.0
0.3595
0.0772
-0.4767
0.0
0.8796
0.4404
-0.5848
-0.5423
0.0
-0.3182
0.0
0.2023
-0.296
0.0
0.5093
0.4404
0.4404
0.6808
0.0
0.0
0.6369
0.2732
0.0
0.4767
0.8814
0.0
0.2732
0.4574
-0.6908
0.6369
0.7633
-0.5759
0.2023
-0.296
0.4574
0.1887
0.4588
0.0
-0.5526
0.4019
-0.5423
0.0
0.6971
0.3182
0.5994
0.6239
0.0
0.0
0.7783
-0.7783
0.0
0.0
0.0
0.4932
0.6369
0.0
0.0
0.8585
-0.34
0.4939
0.5411
0.6948
0.0
0.4215
0.4019
0.0
0.0
0.0
0.0
-0.6808
0.0
0.0
0.4215
0.7717
0.9095
0.0
0.5411
-0.2732
0.0
0.6988
0.4588
0.4404
0.2732
0.8938
-0.3654
0.7644
0.0
-0.6597
0.7482
0.0
0.0
-0.7263
0.0
0.6341
0.0
0.1154
0.504
0.5994
0.0
0.8567
0.0
0.5106
0.0
-0.5411
-0.25
0.7783
0.0
0.0
0.5093
0.4215
0.6369
0.8388
-0.717
0.9395
0.5707
0.5673
-0.5106
0.0
0.0
0.7481
0.0772
0.0
0.0
0.8185
0.4588
0.0
0.8402
0.0
-0.4926
0.0
-0.6808
0.2732
0.0
0.3382
0.8253
0.0
0.4939
0.5423
0.4588
0.75
0.6369
0.3595
0.0
0.0
0.4215
0.6996
0.822
-0.8355
0.0
0.6369
0.0
0.0
0.3313
0.3612
0.4588
0.0
0.508
0.0
0.0
0.0
0.34
-0.1027
0.4753
0.2808
0.0
0.79
-0.0772
0.0
0.0
0.25
0.6924
0.2235
0.4588
0.4019
0.0
0.4588
0.5267
0.5859
-0.5283
0.7184
0.0
0.0
0.5983
0.0
-0.0216
0.2732
0.8656
0.7906
0.5095
-0.0516
-0.6597
0.0
0.0
0.5093
-0.8934
0.0
-0.4466
-0.264
0.0
0.6249
-0.7964
0.8585
-0.6249
0.0
-0.1027
0.0
0.0
0.5719
0.2023
0.4019
0.3612
0.0
0.6155
0.4404
0.4574
0.6705
-0.4019
0.1695
-0.284
0.0
-0.5994
0.0
0.3612
-0.9648
-0.7506
-0.4199
0.128
0.8728
0.3786
0.0
0.7214
-0.5584
0.0
0.0
0.0
0.0
0.0
0.0
0.6908
0.9222
-0.2851
0.0
0.1531
0.0
0.5962
-0.296
0.0
0.4215
0.1027
0.2263
-0.0772
-0.2342
0.908
0.7555
0.7672
0.0
0.0
-0.4215
-0.6996
0.8555
0.5719
0.7043
0.0
0.3818
0.5766
0.3182
-0.4404
0.6908
0.8735
-0.4717
0.4019
0.0
0.0516
0.4215
-0.1779
0.3802
0.0
0.6114
0.6369
-0.765
0.6597
0.0
0.0
-0.296
0.0
0.0
-0.93
0.0
-0.0258
-0.1736
0.0
0.795
0.747
-0.7633
-0.296
0.753
0.6988
0.0
0.0
0.4754
0.0
0.3818
0.0
-0.6865
0.0
0.2382
0.0
0.6237
0.0
-0.2732
0.0
0.4574
-0.6951
0.837
0.8329
0.0
0.0
0.8213
0.0
0.3612
0.8225
0.1695
0.7672
0.4767
0.0
0.0
-0.9291
0.0
0.0
0.7845
0.3612
0.0
0.0
0.0
0.628
-0.3593
0.4389
0.2732
0.0
0.5862
-0.3559
-0.4019
0.9361
-0.3134
-0.0516
0.0
0.0
0.4404
0.0
0.4215
0.5574
0.0
0.0
0.0
0.0772
0.0
0.2732
0.0
0.296
-0.1531
0.0
0.0
0.6767
-0.4696
0.2382
0.0
-0.25
0.0258
0.8229
0.0
0.4767
-0.5106
0.3612
0.0
0.128
0.7096
0.0
0.0
0.0
0.7762
-0.6616
-0.7626
0.8271
0.4939
0.6037
-0.1449
0.0
0.0
0.0
0.5859
-0.8229
0.3365
0.0
0.0
0.5719
0.0
-0.5411
0.4084
0.0
0.6369
0.0
-0.0516
0.0
0.8493
-0.7644
0.7804
0.0
0.0
-0.6956
0.0
0.0
-0.6759
0.6759
-0.4767
0.0
0.0
0.0
-0.4389
-0.4767
0.7073
0.0
0.4404
-0.296
0.4215
-0.2732
0.3818
0.3595
0.0
0.5859
0.7772
0.8286
0.9088
0.0
0.3612
-0.4404
-0.3197
0.745
-0.34
-0.296
0.0
0.0
0.7003
-0.3612
0.7184
-0.802
0.7513
0.0
0.0
0.6956
-0.296
0.6369
0.0
0.5195
-0.5972
0.2584
0.68
0.0
0.0
0.0
0.3561
-0.5904
0.6369
0.0
0.3818
0.5411
0.3612
0.8011
0.6486
0.0
0.0
0.6908
0.6476
-0.0516
0.4588
0.0
0.4939
-0.5267
0.7717
0.0516
-0.7108
0.9215
0.7003
0.6918
0.0
0.0
0.0
0.4939
0.2153
0.3818
0.0
0.0
0.3204
-0.6818
0.0
0.3612
-0.2182
0.3802
0.0
0.836
0.4678
0.4019
0.0
0.7906
-0.7059
0.2732
0.0
0.864
0.6369
0.0
0.4696
0.0
0.5574
0.5411
0.5423
0.0
-0.3612
0.8767
0.2023
0.4404
0.7579
0.4144
0.4019
0.1154
0.3987
0.5526
0.0772
0.0
0.0
0.6597
0.0
0.6369
0.2695
0.0
0.0772
0.0
0.7351
0.9284
0.0
-0.5499
0.0
0.2023
0.677
-0.1531
0.1531
0.0
-0.7772
0.9064
-0.1027
-0.296
0.4019
0.1531
-0.3164
0.6249
-0.7973
0.296
0.5574
-0.4019
0.4536
-0.3182
0.0
0.2732
0.8452
-0.1779
0.0
0.521
0.8268
0.0
0.1531
0.923
0.0
0.9273
0.0
0.4574
0.912
-0.6808
0.0
0.5106
0.6103
0.0
0.0
0.0
0.0
-0.1531
0.7835
0.0
0.0
-0.7399
0.0
0.6908
-0.5574
-0.6808
0.0
-0.2263
0.4215
0.0
0.8225
0.5562
0.4588
0.5538
0.0
-0.1027
-0.6195
0.0
0.9438
0.0
0.0
0.5399
0.4199
0.0
0.7901
0.0
0.0
0.5719
0.8309
0.0
0.8481
0.0
0.5994
0.6489
0.2598
0.0
0.0
0.9346
0.5509
-0.3818
0.6249
-0.4549
0.638
0.4215
0.1779
0.6166
0.4215
0.6199
0.5574
0.0
0.0
0.0
0.3818
0.3612
-0.93
0.0
-0.1027
0.0
0.0
0.3612
0.2942
0.1779
-0.4696
0.34
0.0772
0.743
0.6449
0.9334
0.0
0.7684
0.6239
0.5837
0.0
0.0
0.8553
0.25
0.5093
0.4199
0.0
0.3182
0.0
0.0
0.7067
0.0
0.7964
0.0
0.555
0.765
0.4404
0.1531
0.0
0.6996
0.6671
0.3182
-0.1779
0.3595
0.2225
0.0
0.7489
-0.0516
0.7761
-0.296
0.7941
0.0
0.0
0.0
0.8225
0.2244
0.7783
0.0
0.765
0.6705
0.4215
-0.25
0.0
0.0
0.0
-0.6781
-0.34
0.8442
0.0
-0.6249
0.2732
0.0
0.34
0.0
0.0
0.0
0.0
-0.2401
-0.1025
0.2942
0.3595
0.4019
0.0
0.4172
0.0
0.0
0.4003
0.4753
-0.316
0.0
0.0
0.0
-0.34
0.0
0.0
0.0
-0.4404
0.4588
0.0
-0.1695
0.0
-0.2263
0.6062
-0.4215
0.6331
-0.4939
0.0
0.3818
0.6249
0.0
0.8699
0.2732
0.0
0.0772
0.7269
0.0
0.0
0.717
0.0
-0.2514
0.2481
0.5093
0.6369
-0.6884
0.0
0.3612
0.0
0.0
0.0
0.0
0.4404
0.4753
0.7088
0.802
0.0
0.8442
0.5499
0.7906
0.0
0.0
-0.4404
0.0772
0.0
0.8655
0.1779
0.0
0.0
0.0
-0.926
0.593
-0.1779
0.1901
0.7707
0.9018
-0.6908
0.3182
0.3818
-0.6841
0.7701
0.807
-0.7783
0.75
-0.7633
0.0
0.0
0.91
-0.6505
0.1154
-0.5574
0.836
-0.3818
0.4574
0.3182
0.0
0.5106
-0.0772
0.0
0.4019
0.0
0.7096
0.0
0.0
0.6948
0.6369
0.3412
0.9151
0.8091
0.0
0.3818
0.4753
-0.5319
0.7088
0.4404
0.0
-0.4404
0.7772
0.4215
-0.1027
0.636
0.0
0.6114
0.0
0.5773
0.6696
-0.4215
0.5859
0.0
0.7391
0.976
0.0
0.0
0.6908
0.6908
0.2023
0.6697
0.0
0.4588
-0.7269
-0.4019
0.7574
-0.2732
0.0
0.0
0.0
-0.4753
0.3612
-0.3612
-0.2732
-0.8864
-0.3404
0.7835
-0.8176
0.5053
-0.2263
0.0
0.765
0.0
0.0382
0.0
-0.8176
0.7371
0.9578
0.277
0.0
0.0
0.8573
0.7545
0.34
0.0
0.6908
-0.4939
-0.2682
-0.3578
0.0
0.7959
0.2354
0.0
0.0
0.0
0.0
0.4201
0.9477
0.2905
0.4215
0.0
0.4019
0.8402
0.0
-0.7317
-0.7096
-0.4926
0.2732
0.4003
-0.8011
0.7906
0.6369
0.6597
0.0
0.3182
0.0
0.7968
-0.2621
0.0
0.6705
0.5574
-0.5216
0.0
-0.2204
0.0
0.2263
-0.354
-0.6486
-0.0258
0.0
0.0
0.0
0.7574
-0.6249
0.0
0.0
0.0
0.5267
0.8625
0.0
0.0772
0.0
-0.4404
0.5411
0.0
-0.2013
0.1027
0.7345
-0.5106
0.9493
0.5106
0.5267
-0.802
0.5423
0.5093
-0.2805
0.0
0.4404
0.5574
-0.34
0.765
-0.25
0.0
0.0772
0.5801
0.0
0.0
0.368
0.2023
0.7184
-0.3219
0.0
0.0
0.2023
0.509
0.0
-0.7506
0.0
0.0
0.0
0.3612
0.128
-0.5399
0.0
0.6369
-0.6249
0.0
0.5859
0.3302
0.0
0.0
0.0
0.4389
0.836
0.0
-0.3235
0.561
-0.5411
0.3818
0.3707
0.0
0.765
0.0
0.4215
0.4019
0.0
0.3182
0.4404
0.0
0.0
0.0
0.0
0.0
-0.1511
-0.3987
-0.4678
0.4404
0.6249
0.0
0.0
0.5983
0.7067
0.0
-0.4101
0.0
0.0
0.0
0.0
0.0
0.7845
0.643
0.1531
0.8074
0.0
0.3736
0.0
0.4199
0.2014
0.1647
0.0
0.25
0.7371
-0.6369
0.296
0.128
0.4019
0.0
-0.5106
0.0
-0.7783
0.3818
-0.2263
0.7482
0.0
0.0
0.2732
-0.296
0.0
0.5859
0.0
0.5007
0.7845
0.0
0.0
-0.5461
0.0
0.0772
0.4767
0.0
0.0
0.6808
0.5229
0.0
-0.1531
0.743
0.7351
0.6597
0.5106
0.0772
-0.3129
0.0
0.25
0.0
-0.4559
-0.0601
0.0
0.6166
0.4939
0.0
0.0
0.7545
0.7574
0.4753
0.658
0.5255
0.787
-0.296
0.5093
0.3182
0.0
0.764
-0.6369
-0.6239
0.0243
0.0
0.0
0.0
0.4356
0.25
-0.4404
0.4588
-0.4299
0.8217
0.0
0.6997
0.0
0.0129
0.0
0.6757
0.694
0.4588
0.0
-0.6908
0.3182
0.0
0.7003
0.8395
-0.296
0.864
0.0
0.0
0.0
0.9787
0.1027
0.0
-0.3612
0.4588
0.4574
0.9149
0.0
0.0
0.4215
0.4574
0.0
0.5093
0.784
0.0
-0.5859
-0.5849
0.0
0.0
0.0
0.707
0.0
-0.1864
0.0
0.5994
0.3695
-0.2732
0.0
0.6369
0.0
0.8331
0.0
0.0
0.0
-0.7351
-0.8367
0.0
0.0
0.1779
0.0
-0.4466
0.7845
0.0
0.0
0.0
0.0
0.8436
0.0
0.0
0.4215
0.0
0.4215
0.0
0.0
0.0
0.0
0.0
-0.7257
0.2263
0.43
-0.2668
0.0
0.0
0.3802
0.4466
0.0
0.0
-0.4404
0.4019
0.0
0.8449
0.2732
0.0
0.128
0.0
0.0
0.0
-0.4404
0.4199
0.6514
0.0
0.0
-0.6219
0.0
0.5859
-0.4926
0.8168
0.9006
0.1027
0.0
-0.6229
0.8689
0.0
0.0
0.6597
0.0
0.6486
0.4215
-0.2924
-0.1779
0.6369
-0.6249
0.6996
0.5574
0.4199
0.7161
0.0
0.34
0.4155
0.5106
-0.2942
0.0
-0.6408
-0.6908
-0.0
-0.3818
0.902
0.0
0.4404
-0.4767
0.4215
0.4939
0.3612
0.4588
0.0
0.5171
0.1531
0.9042
0.4019
0.0
0.0
-0.6486
0.0
0.7243
-0.0951
0.5719
-0.2617
0.0
-0.2617
0.0
0.3182
0.0
-0.9027
0.0
-0.7425
0.0
-0.6036
-0.6597
0.2023
0.6447
-0.296
-0.296
0.2942
0.6705
0.0
-0.6249
-0.0516
-0.5267
0.7889
0.0
0.5399
0.4588
-0.7269
0.0
-0.296
0.6696
0.0
0.0
0.2942
-0.8395
0.0
0.0
0.0
0.5389
0.7184
0.9042
0.0
0.0
0.1779
0.0
0.6077
0.0
0.34
0.0
0.0
0.0
0.4666
-0.0516
0.0
0.4019
0.0
0.0
-0.6597
0.8308
0.6341
0.4137
-0.5267
0.0
0.7906
-0.6912
0.0
0.0
0.0
0.0
0.6124
0.4497
0.7703
0.0
-0.4939
0.7346
-0.9051
0.8264
0.0
0.3612
0.4545
0.1531
0.4019
0.0
0.636
0.0
0.7351
0.7184
0.6486
0.8881
0.0
0.0
-0.5093
-0.5267
0.7456
0.8286
0.5574
0.0
0.8818
0.0
0.6678
0.6705
0.0
0.4857
-0.1779
0.7845
0.0
0.0
0.5994
0.4482
0.3182
-0.5733
-0.6996
0.4767
-0.1027
0.5994
0.0
0.4939
-0.4404
0.0772
0.4939
0.2023
0.893
0.0
0.624
-0.5994
0.4753
0.0
0.5473
0.0
0.0
0.0
0.7494
0.0
-0.5574
0.0
0.555
0.4588
0.4574
0.0
0.8889
0.0
0.4019
0.0
0.0
0.281
-0.4003
0.0
0.2732
0.296
-0.6973
0.3182
0.4215
0.6166
0.6239
0.0
0.69
0.0
0.0
0.6597
0.0
0.0
0.0
0.296
0.8793
-0.25
0.7603
0.0
0.3612
0.4767
0.5432
0.0
0.4199
0.1511
0.0
-0.1531
0.6249
0.0
0.0
0.5106
-0.3612
0.0
0.915
0.6597
-0.3089
0.6124
0.7851
0.0
0.5467
0.0
0.296
-0.0258
0.0
0.4019
0.0
0.0
-0.34
0.0
0.128
0.4927
0.0
0.5719
0.7981
0.2023
0.0
0.0
0.0
0.0
0.0
0.0
0.0
0.7684
-0.5606
0.5631
0.6369
0.0
0.4215
0.0
0.0
0.0
0.0
0.0
0.0
0.0
0.25
0.3382
0.0772
-0.636
-0.4927
-0.5994
0.0
-0.2732
0.9153
0.3612
0.0
0.0
0.8126
0.0
0.4404
-0.4486
0.9386
0.0
0.0
0.0
-0.2023
0.7003
0.1531
-0.8687
0.7685
-0.5574
0.0
0.7213
0.4215
0.0
0.8176
0.7717
-0.4374
-0.0857
0.4926
-0.6124
-0.7012
-0.6486
0.0
0.4019
0.7627
-0.0772
-0.4201
0.0
0.6369
-0.128
0.5362
0.3612
0.1163
-0.4098
0.6249
0.6486
-0.1984
0.6654
0.4215
0.0
-0.6249
0.0
-0.5423
0.6705
0.2429
0.743
0.3818
0.0
0.8065
0.0
0.8442
0.0
0.0
0.0
0.6249
0.4019
0.1724
-0.7959
0.0
0.0
0.0
0.0
0.5859
-0.296
0.0
0.6229
0.5994
0.3094
0.8172
0.0
0.0
0.8602
0.0772
-0.0572
0.7018
-0.3818
0.0
0.0
0.0
0.5423
-0.4215
0.783
0.4927
0.0
0.0
-0.5983
0.8779
0.6124
0.0
-0.802
0.4574
0.3612
0.0
0.0
0.4019
0.0
0.2263
0.0
-0.2263
0.0
0.6369
0.7177
0.0
0.743
0.8479
-0.7224
0.0
-0.5423
0.6249
0.0
0.4019
0.0
0.0
0.8926
0.2023
0.4374
0.6249
0.0
0.2755
0.6114
0.0
-0.3818
0.8885
0.128
0.0
0.0
0.4588
0.0
0.3499
-0.5423
0.8225
-0.8271
0.4019
0.34
0.0
0.0
-0.5719
0.0
0.0
0.2481
-0.4753
0.0
0.4767
0.93
0.0
0.0
0.4404
0.0
0.4404
0.5719
0.0
0.0
0.0
0.0
0.3182
0.0
-0.3612
0.0
0.0
0.7494
0.6671
0.25
0.0
0.0
0.636
0.1588
0.0
0.5007
0.8597
-0.6486
-0.7164
0.296
-0.2924
0.1614
-0.5574
-0.2263
0.4767
-0.3094
0.0
0.0
0.6696
-0.3182
0.0
-0.6124
0.4926
0.0
0.6908
0.0772
0.5719
0.2481
0.8658
0.0
0.4574
0.7935
0.504
-0.5994
0.0
0.6103
0.8065
0.6108
0.0
0.7057
0.0
0.0
-0.5191
0.2589
0.0
0.836
0.1779
0.8176
0.0
-0.2263
0.0
0.6652
0.2263
0.0
0.2728
-0.5574
0.4404
0.6369
0.7003
0.2263
0.7003
0.4588
0.5428
0.4404
0.0
0.0
-0.7783
0.0
-0.2732
0.0
-0.2411
0.2144
-0.0516
-0.4588
-0.4767
0.0
0.0
0.6369
0.4537
0.6369
0.4215
0.0
0.0
0.8221
-0.8074
-0.6124
0.7319
0.8402
0.0
0.3802
0.0
0.2023
-0.5499
0.9451
-0.25
0.3612
0.0
0.34
0.4939
0.0
0.4019
0.8834
0.5106
0.0
0.658
-0.1187
0.5473
0.0
0.9151
0.0
-0.204
0.4215
0.0
0.0387
0.6757
0.0
0.0
0.0
0.0
0.6351
0.6249
0.0
0.0
0.8555
0.4939
0.0
0.4019
0.0
-0.3818
0.0
0.0
-0.1531
0.6124
-0.2235
0.0
0.0
0.7096
-0.802
-0.4404
0.0
0.8555
0.8957
0.0
0.5349
0.25
0.6679
0.2057
0.4545
0.8172
-0.4401
0.3612
0.6588
0.5106
0.0
0.0
0.8176
-0.7269
0.4215
0.0
-0.1926
0.3382
0.5574
0.0772
0.0
0.3182
0.5574
0.5667
0.2481
0.4215
0.3612
0.855
0.6249
0.6588
-0.5719
0.2732
-0.624
0.5255
0.4329
0.4404
0.5346
0.128
0.3612
-0.3382
0.0
0.0
0.0
0.8834
0.0
-0.5848
0.6239
0.5994
0.6633
0.4312
-0.7067
0.0
0.3987
-0.466
0.4588
-0.1531
0.4404
0.0
-0.126
0.0
0.0
0.0
0.68
-0.5859
0.0
0.5473
0.0
0.5859
0.3774
-0.5994
0.8906
0.6369
0.0
0.9658
0.0
0.0
0.4466
0.508
0.0
-0.3111
0.6739
0.0
0.0
-0.6891
-0.6767
0.8834
0.5093
0.6239
0.4545
-0.34
-0.2732
-0.4377
0.9227
0.596
0.9416
0.9479
0.0
0.0
0.0
0.4404
0.0
-0.7345
0.4588
0.0
-0.6124
0.6784
0.0
0.0
-0.3309
0.3753
0.0
-0.1984
0.8439
0.0
0.9494
0.0988
-0.886
-0.6124
0.6739
0.0
0.0
0.0
0.0
0.4019
0.296
0.2846
0.0
0.5719
0.4199
0.4404
0.0
0.7579
0.0258
0.5888
-0.452
0.5399
-0.2942
0.3612
0.0
0.3612
-0.6705
0.0
0.0
-0.024
0.0
0.0
0.4215
0.5859
0.5423
-0.3612
0.0
0.3999
-0.4767
0.8957
0.598
-0.5574
0.9357
0.5267
-0.3412
-0.6124
-0.1759
0.8603
0.5411
0.0772
0.7777
-0.412
-0.7992
0.0589
0.5719
0.0
0.508
0.886
0.0
0.0
0.0
-0.7845
0.0772
0.8478
0.0
0.0
0.4019
0.6361
0.0
-0.2732
0.0
-0.7717
0.7184
-0.7081
0.8636
-0.765
0.1779
-0.5106
0.4588
-0.4968
-0.1779
0.0
0.7707
0.0
0.0
0.7506
0.0
0.5226
0.0
0.4071
-0.1845
0.0
0.7003
0.0
0.3612
0.3947
0.0
0.0
0.0
-0.6762
0.0
0.2023
0.0
0.5106
-0.4912
0.0
0.4019
0.128
-0.0387
0.0
0.0
0.4019
-0.4767
0.0
0.0
0.0572
0.6553
0.0
0.0
0.5473
0.6249
0.8633
0.0
0.0
0.7096
0.5261
0.0
0.5684
0.1531
0.0516
0.0
-0.296
0.8126
0.368
0.3971
-0.765
0.3786
0.5983
0.4885
-0.1531
0.2732
0.1027
0.0
0.0
0.0892
0.8553
0.4168
0.6249
0.8074
0.3612
0.34
-0.4466
0.0
0.4019
0.0
0.4019
0.4753
0.875
0.4215
0.0
-0.5859
-0.128
0.6369
0.8628
-0.3987
-0.2263
0.1027
0.7717
0.0
-0.128
0.8261
0.8074
-0.3197
0.128
-0.1511
-0.7096
0.2732
-0.7717
0.0
0.54
0.4767
0.0772
-0.0258
0.0
0.4199
0.0
-0.296
0.9231
0.0
0.0
0.5996
0.6238
0.6946
0.4753
0.0
0.0
0.4184
0.0
-0.3296
0.8779
0.8757
0.0
0.25
0.0
0.8221
0.6908
0.0
0.0
-0.296
0.25
0.0258
0.4215
0.0
-0.7579
0.1027
0.0
0.457
0.0
0.0
0.0
-0.5216
0.0
0.9393
0.4574
0.5073
0.0
0.1695
0.5411
0.6166
0.4215
-0.4466
-0.8442
-0.34
0.0
0.4215
0.4728
0.6597
0.7263
0.5411
0.2716
0.5081
0.7579
0.3612
0.0
0.3252
-0.4215
0.7568
-0.6705
0.7222
0.3612
0.4939
-0.3182
0.0
0.6369
0.0
0.7351
0.3327
0.872
0.0
0.6239
0.0
0.0
0.0
0.0
0.268
-0.7845
0.4767
0.4215
0.4019
0.0
0.7269
0.0
-0.594
0.0
0.4588
0.5399
-0.3412
0.7104
0.0
0.7351
0.0
0.2263
0.0772
0.0
-0.6705
0.4767
0.803
0.0772
0.0
0.0
0.0
0.4329
0.5994
0.0844
0.0
0.8074
-0.1779
0.5267
0.4588
0.555
0.4574
0.508
0.0
0.5574
-0.296
-0.34
0.5574
0.4137
0.0
0.7574
0.4003
0.0
0.0
0.4588
0.0
0.6697
0.0772
0.4404
0.9311
0.0
0.0
0.4404
0.8789
0.6369
-0.7906
0.3089
-0.5994
0.8555
0.5093
0.2185
0.1955
0.836
0.4574
-0.308
0.0
0.2732
-0.1759
0.0
0.4939
0.855
0.0
0.5574
0.863
-0.5423
0.4404
0.0
0.4588
0.0
0.3612
0.4767
-0.5423
0.0
0.5229
0.5242
0.3612
0.0
0.9613
0.4215
-0.7482
-0.6486
0.4885
0.0
0.0772
-0.4019
-0.9153
0.7627
0.6467
0.5994
0.69
0.4019
0.0
0.7717
0.4939
0.7067
0.4019
0.7096
0.0
0.5425
0.7717
0.0
0.25
0.2755
-0.7964
-0.2263
0.0
0.4019
0.0
0.2382
0.4253
0.0
0.0
0.6696
0.0
0.2263
0.5635
0.7688
0.4003
0.802
0.7881
-0.6249
0.636
-0.2987
0.3612
0.25
0.784
-0.296
0.0
0.6696
-0.2924
0.0
0.3818
0.765
0.0
0.6377
0.0
0.4215
0.0
0.0
0.0
0.0
0.0
0.8455
0.7177
0.8932
0.0
-0.0923
0.0
0.7163
0.8763
-0.0572
0.6486
0.6797
0.0
0.0
0.6908
0.0
0.0
-0.6093
-0.2732
0.4828
0.5574
0.3612
-0.5951
-0.5574
0.4926
0.0
0.0
0.0
0.4215
0.0
0.34
0.811
0.0
0.0
0.0
0.6239
0.3919
0.6841
0.5574
0.0
0.0772
0.0
0.4588
0.5859
0.0
0.4082
0.4574
-0.6908
0.9118
0.0
0.0
0.4926
0.7088
0.466
-0.6089
0.0
0.5983
0.5229
0.0
0.3612
0.3252
0.0
0.5093
0.4939
-0.6486
-0.3818
0.0
0.0
0.4753
0.6633
0.4084
-0.5859
0.6981
0.6941
0.9274
-0.34
-0.5204
0.0
0.0
0.0
-0.4445
0.0
0.765
0.0
-0.3753
0.5686
0.5993
-0.3182
0.0
0.0
0.6166
-0.296
0.0
0.0
0.7339
0.9022
0.0
0.4215
0.0772
-0.453
-0.8625
0.4753
0.0
0.0129
0.8858
0.7783
0.4019
0.0
0.8188
0.0
0.3818
0.0
0.3182
-0.296
0.0
0.5719
0.4753
0.8002
0.7798
0.0
0.0
0.6369
-0.7876
0.351
-0.34
0.0
0.0
0.7584
0.5229
0.4795
0.0
-0.3252
0.6239
0.4019
-0.5719
0.0
0.6696
-0.7096
-0.0772
0.0
0.0
0.6633
0.0
0.0
0.0
0.4588
0.6662
-0.872
-0.0516
0.0
0.5719
0.8585
0.0
0.8038
0.25
-0.0186
0.0
-0.7213
0.4588
-0.2263
0.4404
-0.4588
0.0
0.0
0.9135
0.0
-0.7351
0.0258
-0.2263
-0.54
-0.3254
0.4767
0.0
0.0
0.0
-0.5574
-0.6369
0.0
0.0
0.2023
0.0772
-0.6908
0.3818
0.8779
0.0
0.0
0.0
0.743
0.0
0.765
-0.25
0.4215
0.6872
0.0
0.6355
0.3182
0.0
0.7691
0.0
-0.2023
-0.4213
0.4019
0.7804
0.0
0.0
0.0
0.0
0.8891
0.0
-0.3182
0.8126
-0.5423
0.829
0.8429
-0.4767
-0.1027
0.8733
0.0
0.0
-0.1232
0.128
0.0
0.6209
-0.7717
0.0
0.296
0.0
0.0
-0.6712
0.0
0.784
0.0
0.0
0.0
-0.8689
-0.25
0.4215
0.1511
0.2023
0.0
0.4404
0.4847
0.555
-0.6249
0.1739
0.0
0.5983
0.6588
-0.5423
0.7184
0.0
0.69
0.0
0.1511
0.8016
-0.4515
0.4588
0.3818
0.0
-0.5547
-0.2102
0.1386
0.5267
0.855
-0.1027
0.7783
0.3612
0.0
0.4588
0.0
0.533
-0.594
0.4728
-0.2732
0.4767
0.7269
0.0
0.0
0.4926
0.0
0.5994
0.0
0.6597
0.7574
0.8429
0.5994
0.7608
0.0
0.5319
0.0
-0.508
0.0
0.0
-0.1531
0.4404
0.6908
0.6249
-0.3129
0.6598
0.0
0.4648
0.51
-0.3595
0.1779
-0.501
0.0
0.2846
0.8172
0.8225
0.5106
0.0
0.6369
0.0
0.8832
0.501
0.0
-0.25
0.2732
0.0
0.8074
0.0
0.0
0.0
-0.4939
0.1531
0.7951
-0.3182
0.69
0.0
0.4767
-0.4939
0.0
0.0
0.0
0.0
0.368
0.0772
-0.5766
-0.6458
0.8455
0.5374
0.8212
0.0
0.0
0.4215
-0.3818
0.0
0.3182
-0.1027
-0.3506
0.0
0.0
0.3182
0.0
0.6597
0.0
0.0
0.6535
0.0
0.4404
0.3182
0.8658
0.0
0.4199
0.7964
0.9103
0.5267
-0.5106
0.9441
0.0
0.0
0.0
0.0
-0.9081
0.0
0.0
0.5574
-0.0387
0.0
0.0
0.25
0.6768
0.3818
0.0
0.5267
0.7845
0.802
0.0
0.0
0.25
0.0
-0.1695
0.0
0.0
0.6597
0.6908
0.0
-0.3612
0.4939
0.5994
-0.1027
0.0
0.4404
-0.5859
0.0
0.6369
0.0
0.0
0.5719
0.0
0.5859
0.471
0.3818
-0.3802
0.7798
-0.802
0.0
0.8274
0.8687
0.6166
0.4215
-0.2617
0.0
0.0258
0.8712
0.8655
-0.784
0.5983
0.0
-0.1154
0.9274
0.0
0.0
0.6607
0.8202
0.6249
0.7339
0.0
0.6696
0.0
0.5267
0.6369
0.0
0.6124
0.6908
0.5574
0.9471
0.6988
0.7611
0.3818
-0.5399
0.4404
0.0
0.0
0.9435
0.0
0.0
0.0258
0.0258
0.6369
0.296
0.7761
0.6124
-0.296
0.0
0.7506
0.8885
-0.128
0.0
0.9056
0.25
0.0
-0.1984
0.3182
0.0
0.0
-0.0772
0.0
0.0
0.7845
0.0
0.0
-0.5574
-0.5949
0.5713
0.466
0.4926
0.0
-0.3142
0.0857
0.2335
0.7125
-0.8806
-0.7003
0.0
0.4404
-0.0258
0.8519
0.0
0.5574
0.5423
0.4199
0.4588
0.25
0.0
-0.6553
0.0
0.0
0.0
0.0
-0.296
0.4927
-0.5423
0.5859
-0.126
0.9137
0.4404
0.0
0.7306
0.3612
0.4199
-0.7717
0.0
0.0
0.0
0.6757
0.0
0.2677
0.0
0.0
-0.3769
0.4404
0.0
-0.3356
0.5106
0.8319
0.8065
0.0
0.9008
0.7959
-0.2263
0.296
0.3164
0.9358
0.0
0.0
0.0
-0.0516
0.3612
0.6083
0.0172
0.2023
0.2716
0.4588
0.2023
0.6808
0.0
0.6249
0.8534
0.0
0.6249
0.0
0.25
0.7227
-0.296
0.8176
0.0
0.0
0.4939
0.5255
0.7598
0.0
0.0
0.6369
0.6369
0.3612
0.6369
0.0
-0.34
0.0
0.0
0.0
0.6566
0.0
-0.25
0.4939
-0.8271
0.34
0.6249
0.4588
0.0
0.6852
0.25
-0.8016
0.7506
0.0
0.9365
0.0
0.5267
-0.5622
-0.34
-0.1531
-0.3412
0.0
0.69
-0.1027
0.6514
0.8732
-0.4767
0.5229
-0.9216
0.6369
0.4199
0.0
0.6996
-0.1779
-0.5994
0.0
0.5859
0.0
0.8221
0.7085
0.0
-0.6516
0.0
-0.296
-0.0772
0.0
0.0
-0.3818
-0.7783
0.902
0.8858
0.0
0.5307
0.0
-0.1926
0.4767
0.944
-0.4019
0.4199
0.0
0.4574
0.296
0.9075
0.0
0.34
0.7996
0.8409
-0.5719
0.0
0.5719
0.0
-0.2732
0.0
0.0
0.8011
0.705
0.4939
0.0
-0.25
0.9168
0.0
0.3612
0.3062
0.5859
0.7906
0.0
0.0
0.0
-0.5233
0.5267
0.0
-0.0258
0.8658
0.0
0.0
0.8217
0.3818
0.0
0.6276
-0.2003
0.8544
0.0
0.8021
0.4466
-0.6597
0.765
0.0
0.6548
-0.2732
0.6369
0.0
0.0
0.0
0.0
0.7479
0.0
-0.9153
0.0
0.0
0.5707
-0.4939
0.4939
0.6369
0.0
-0.2755
0.0
-0.4545
0.3612
0.5859
0.5859
0.3612
0.128
0.0
0.4404
0.6542
0.8636
0.5965
-0.5423
0.6124
0.0
0.3164
0.5893
0.0
0.0
0.4864
-0.7371
-0.4215
-0.7326
0.0
0.8998
0.0
0.6908
0.0
0.2732
0.7828
0.3612
0.7627
0.8877
0.0
0.0
0.8091
-0.34
0.0
0.0
0.0
0.7773
-0.128
0.2244
-0.855
0.0
0.7884
0.5994
0.6249
-0.2263
0.8636
-0.0966
-0.4953
0.3818
0.0
-0.27
0.9617
-0.4939
0.5514
0.0
0.6884
0.0
0.0
0.2732
0.6124
0.7592
0.9516
0.2091
0.4404
0.6249
-0.7592
0.8774
0.8402
0.0
-0.7506
0.4215
0.0
0.6597
0.0
0.0
0.0
0.0
-0.6249
0.7159
0.0
-0.6996
-0.34
0.7351
0.5994
0.0
-0.4098
0.4574
-0.296
0.0
0.0
-0.2023
0.3382
0.2023
0.2598
-0.204
0.0
0.8658
0.9186
0.8996
0.0
0.8779
-0.2732
0.0
-0.6239
0.0
0.0857
-0.2732
-0.5848
0.9345
0.0
0.7824
0.7615
0.34
-0.2023
0.0
0.6249
0.4588
0.7213
-0.4019
0.128
-0.128
0.0
0.0
0.5859
0.3252
0.0
0.0
0.6531
-0.2023
-0.2263
