0.9981237649917603
0.5
0.9804685711860657
0.8581638336181641
0.2496112585067749
0.15286260843276978
0.5
0.9833043813705444
0.7858836650848389
0.9954904317855835
0.8834437131881714
0.8987213373184204
0.042401254177093506
0.9209610223770142
0.5
0.7667200565338135
0.14170503616333008
0.5
0.3080390989780426
0.16988444328308105
0.5
0.8640743494033813
0.031707763671875
0.9065807461738586
0.5
0.12072902917861938
0.5
0.9770861864089966
0.11592736840248108
0.7873995304107666
0.9107671976089478
0.058118849992752075
0.8157745599746704
0.9328931570053101
0.6906846761703491
0.7277283668518066
0.8977545499801636
0.8469851613044739
0.2002798616886139
0.5
0.5
0.7463327050209045
0.8006324172019958
0.5
0.8749711513519287
0.958932638168335
0.5
0.8400851488113403
0.5
0.5
0.15234670042991638
0.5
0.306934118270874
0.9737351536750793
0.7012757062911987
0.9225229620933533
0.5
0.25066429376602173
0.5
0.9229568243026733
0.00493273138999939
0.05278855562210083
0.8617326021194458
0.5
0.7688515186309814
0.9915180802345276
0.8019945621490479
0.999229907989502
0.9837839007377625
0.8132824301719666
0.5
0.742323100566864
0.06704458594322205
0.9957199096679688
0.5
0.9306766986846924
0.5
0.8279189467430115
0.5
0.06544837355613708
0.5
0.9767652750015259
0.8879842758178711
0.5
0.5
0.029367417097091675
0.7997081279754639
0.15996375679969788
0.5
0.9431725740432739
0.5
0.07997331023216248
0.5
0.7785845994949341
0.5
0.7408731579780579
0.5
0.5
0.8908363580703735
0.20039421319961548
0.8751896023750305
0.09689998626708984
0.1934044361114502
0.2746359705924988
0.5
0.7526739239692688
0.6872196197509766
0.8413903713226318
0.5
0.8476780652999878
0.026662230491638184
0.2825789451599121
0.882576584815979
0.5
0.5
0.8961845636367798
0.5
0.996526300907135
0.5
0.8575951457023621
0.9863676428794861
0.7944066524505615
0.9998435974121094
0.04450833797454834
0.7533020973205566
0.9461853504180908
0.9763834476470947
0.5
0.9893369674682617
0.5
0.8779453635215759
0.15396547317504883
0.09411582350730896
0.9688489437103271
0.8169143199920654
0.04046940803527832
0.1478475034236908
0.23641067743301392
0.9368219971656799
0.8605642318725586
0.003035515546798706
0.09343492984771729
0.9732311964035034
0.5
0.18036416172981262
0.5
0.9367236495018005
0.5
0.05072864890098572
0.9491393566131592
0.8720846176147461
0.774864912033081
0.5
0.17064279317855835
0.5
0.7526739239692688
0.5
0.7330642342567444
0.050073474645614624
0.20185285806655884
0.9082263708114624
0.18085840344429016
0.053917765617370605
0.19755753874778748
0.7649192810058594
0.11981996893882751
0.5
0.5
0.8468781113624573
0.9973270297050476
0.5
0.8763903975486755
0.13891959190368652
0.1729307770729065
0.9040685892105103
0.9897724390029907
0.8980958461761475
0.9960192441940308
0.2659813463687897
0.2632758319377899
0.1997678577899933
0.9765781164169312
0.971401572227478
0.02511996030807495
0.5
0.8549261093139648
0.5
0.5
0.5
0.767332911491394
0.8119395971298218
0.25966304540634155
0.5
0.2892302870750427
0.8799022436141968
0.8082454204559326
0.12081313133239746
0.9457111358642578
0.7692561149597168
0.998594343662262
0.903587818145752
0.8623055219650269
0.5
0.28497856855392456
0.9554868936538696
0.9493917226791382
0.5
0.9731557369232178
0.5
0.8814214468002319
0.8312650322914124
0.8870693445205688
0.09648194909095764
0.9082872867584229
0.5
0.7899116277694702
0.5
0.22765231132507324
0.2615693211555481
0.7999825477600098
0.7215760350227356
0.7698177099227905
0.9962952136993408
0.5
0.9565650820732117
0.6840509176254272
0.020287513732910156
0.9567340016365051
0.5
0.10953208804130554
0.9763545989990234
0.22639763355255127
0.7106108069419861
0.07870081067085266
0.9978042840957642
0.8810073733329773
0.8651647567749023
0.7536208629608154
0.04698294401168823
0.5
0.5
0.5
0.5
0.8783272504806519
0.7536439299583435
0.739163339138031
0.7847339510917664
0.8632265329360962
0.5
0.006445437669754028
0.5
0.1722501814365387
0.010081261396408081
0.5
0.21924850344657898
0.09696072340011597
0.16275012493133545
0.03048846125602722
0.04588395357131958
0.5
0.003715425729751587
0.10951864719390869
0.006197929382324219
0.12117159366607666
0.8930484056472778
0.8386882543563843
0.5
0.5
0.9148508310317993
0.5
0.16163873672485352
0.5
0.5
0.5
0.5
0.8924583196640015
0.9981096386909485
0.8779996633529663
0.22099769115447998
0.7595047354698181
0.8694833517074585
0.5
0.8142855167388916
0.9118207693099976
0.17639175057411194
0.9126231074333191
0.7827640771865845
0.29481732845306396
0.01773098111152649
0.8495922088623047
0.2525520920753479
0.9293705224990845
0.9627794027328491
0.22261881828308105
0.5
0.8079825639724731
0.7700395584106445
0.5
0.28092366456985474
0.5
0.5
0.5
0.752619743347168
0.9931769371032715
0.8312163352966309
0.9508363008499146
0.9202390909194946
0.5
0.9909628629684448
0.91382896900177
0.8062503337860107
0.12254929542541504
0.5
0.1731477677822113
0.12676072120666504
0.9874383211135864
0.8515158891677856
0.789514422416687
0.8869845867156982
0.7998136281967163
0.7859377861022949
0.0002962052822113037
0.9433103203773499
0.13033026456832886
0.5
0.11044871807098389
0.7627040147781372
0.5
0.7796782851219177
0.5
0.10824376344680786
0.9161275029182434
0.8564761877059937
0.005935639142990112
0.5
0.7487932443618774
0.8224625587463379
0.1875932216644287
0.9537560939788818
0.5
0.5
0.8900600075721741
0.5
0.11037835478782654
0.9235382676124573
0.05788335204124451
0.7835675477981567
0.7404143810272217
0.5
0.0393311083316803
0.5
0.5
0.055263668298721313
0.7119663953781128
0.996375560760498
0.0983816385269165
0.7363832592964172
0.9789224863052368
0.7479289770126343
0.5
0.9259885549545288
0.7526739239692688
0.09392932057380676
0.01706823706626892
0.7017062902450562
0.10214594006538391
0.9620915651321411
0.9996606111526489
0.5
0.12951385974884033
0.1790950894355774
0.9177820086479187
0.9990922212600708
0.8800848722457886
0.7647901773452759
0.5
0.5
0.20332875847816467
0.5
0.9688684940338135
0.9000030755996704
0.5
0.5
0.737164318561554
0.08206897974014282
0.8721514940261841
0.05607464909553528
0.5
0.7458509206771851
0.8598479628562927
0.5
0.5
0.9930397272109985
0.9930020570755005
0.5
0.12654176354408264
0.873137891292572
0.8223922252655029
0.998469352722168
0.07641834020614624
0.9159425497055054
0.6873314380645752
0.2560329735279083
0.9560259580612183
0.8559474945068359
0.796808123588562
0.9741664528846741
0.7526739239692688
0.5
0.22016748785972595
0.8243210315704346
0.709787130355835
0.7631070613861084
0.012470453977584839
0.8605740070343018
0.7724281549453735
0.5
0.7604937553405762
0.9145224094390869
0.09753134846687317
0.9977837800979614
0.5
0.9957077503204346
0.049015939235687256
0.9254980087280273
0.5
0.32584482431411743
0.5
0.19933578372001648
0.9862093925476074
0.7339416146278381
0.9976422190666199
0.5
0.5
0.08994221687316895
0.949966549873352
0.5
0.22103574872016907
0.9615127444267273
0.7891665697097778
0.726874828338623
0.6991431713104248
0.7526739239692688
0.9694750308990479
0.2080778181552887
0.7526739239692688
0.5
0.8494106531143188
0.1809728741645813
0.9194278120994568
0.5
0.5
0.9467568397521973
0.5
0.013653784990310669
0.8685778379440308
0.7838664054870605
0.9896154403686523
0.23342859745025635
0.1467951536178589
0.2124766707420349
0.25983548164367676
0.018373847007751465
0.1875322461128235
0.8061850070953369
0.5
0.7470162510871887
0.5
0.14915883541107178
0.5
0.2452460527420044
0.5
0.9886759519577026
0.1301603615283966
0.24359774589538574
0.9480688571929932
0.02709859609603882
0.22303441166877747
0.5
0.8790556192398071
0.976600170135498
0.13118675351142883
0.8739572763442993
0.7526739239692688
0.9518765211105347
0.9584318399429321
0.21857383847236633
0.5
0.17014440894126892
0.8502447605133057
0.5
0.5
0.9661946892738342
0.9061964154243469
0.5
0.7268244028091431
0.1952911615371704
0.21197384595870972
0.755739688873291
0.753769040107727
0.31109774112701416
0.5
0.5
0.5
0.15954220294952393
0.5
0.9984363317489624
0.9909454584121704
0.20424512028694153
0.01041826605796814
0.5
0.8819546699523926
0.8431011438369751
0.87950599193573
0.5
0.9946385025978088
0.134240984916687
0.9683675765991211
0.9198311567306519
0.8635896444320679
0.7875093221664429
0.15359240770339966
0.7152822017669678
0.9899437427520752
0.8939613103866577
0.7526739239692688
0.7854821681976318
0.996283769607544
0.9995808005332947
0.5
0.7272933125495911
0.5
0.7741546630859375
0.8065561056137085
0.9655579924583435
0.9031609296798706
0.8660198450088501
0.935297966003418
0.5
0.5
0.8428233861923218
0.9903215765953064
0.9938842058181763
0.2055249810218811
0.9577968120574951
0.7529241442680359
0.9445642232894897
0.9778493642807007
0.9147881269454956
0.5
0.5
0.16468217968940735
0.2228962481021881
0.9231760501861572
0.8239752054214478
0.9791259765625
0.9386705160140991
0.7730827927589417
0.039133429527282715
0.9550114870071411
0.24736115336418152
0.8006678819656372
0.7898427248001099
0.8212908506393433
0.9970433712005615
0.8797682523727417
0.7875151038169861
0.1934807002544403
0.7502844333648682
0.9998316764831543
0.5
0.23109617829322815
0.9295195937156677
0.5
0.8669161796569824
0.9409219026565552
0.5
0.948811411857605
0.9329217672348022
0.9987770915031433
0.12102285027503967
0.7144444584846497
0.11317509412765503
0.5
0.9504263401031494
0.9554423093795776
0.8728004693984985
0.10864132642745972
0.5
0.9356147050857544
0.8859128355979919
0.8383626937866211
0.9567710757255554
0.8712654113769531
0.5
0.985277533531189
0.9507137537002563
0.023195326328277588
0.5
0.5
0.8475991487503052
0.9038428068161011
0.7342051267623901
0.10249903798103333
0.9134109020233154
0.816809892654419
0.9069611430168152
0.06386807560920715
0.1716214418411255
0.9970180988311768
0.5
0.113427072763443
0.23055499792099
0.08855956792831421
0.8627586364746094
0.13929301500320435
0.856798529624939
0.01839277148246765
0.9079577922821045
0.7979897856712341
0.2603687644004822
0.8507058620452881
0.5
0.5
0.5
0.9148001670837402
0.5
0.9683836102485657
0.9510889053344727
0.5
0.05019649863243103
0.17957445979118347
0.5
0.5
0.8873602151870728
0.8585351705551147
0.2591073513031006
0.7427048087120056
0.24503540992736816
0.973581850528717
0.9490447044372559
0.5
0.9978382587432861
0.7683051824569702
0.8313788175582886
0.5
0.5
0.5
0.5
0.8520196676254272
0.7505784630775452
0.8121305704116821
0.2558741271495819
0.8751747608184814
0.5
0.7526739239692688
0.9915021657943726
0.7526739239692688
0.9984704852104187
0.5
0.5
0.5
0.24994775652885437
0.7851570248603821
0.987483024597168
0.8709515333175659
0.7526739239692688
0.7613110542297363
0.5
0.5
0.5
0.20503538846969604
0.5
0.8145228624343872
0.8403656482696533
0.7224748730659485
0.5
0.21255633234977722
0.5
0.0159531831741333
0.19557374715805054
0.5
0.5
0.9903271198272705
0.10042539238929749
0.8001642227172852
0.9896793365478516
0.5
0.11329799890518188
0.9050183892250061
0.9553711414337158
0.9012317657470703
0.9857761859893799
0.8772879838943481
0.7273461818695068
0.7785546779632568
0.8243210315704346
0.08166679739952087
0.7913016080856323
0.9266068935394287
0.007002472877502441
0.5
0.5
0.08013129234313965
0.1358467936515808
0.8946598768234253
0.8624716997146606
0.25024592876434326
0.9310359358787537
0.0070264339447021484
0.0175645649433136
0.5
0.2602694034576416
0.9842419028282166
0.8411130905151367
0.94855797290802
0.08140036463737488
0.5
0.5
0.7829680442810059
0.7760617136955261
0.8153213858604431
0.005425512790679932
0.761419415473938
0.1463770866394043
0.15730950236320496
0.7825626134872437
0.5
0.7680327296257019
0.8248233199119568
0.10446804761886597
0.10733655095100403
0.055146753787994385
0.9669010639190674
0.1419980525970459
0.9551480412483215
0.8515760898590088
0.7165701389312744
0.949759840965271
0.5
0.14987415075302124
0.22973889112472534
0.8415537476539612
0.8232582807540894
0.8628287315368652
0.22715863585472107
0.9659357070922852
0.9097912311553955
0.9592225551605225
0.9856212139129639
0.9955129623413086
0.9124515652656555
0.062275230884552
0.5
0.23623350262641907
0.9993746280670166
0.18048959970474243
0.17285901308059692
0.5
0.0009551346302032471
0.9561787843704224
0.7964205741882324
0.15665727853775024
0.7715029716491699
0.7393048405647278
0.5
0.5
0.7467938661575317
0.724581241607666
0.19548115134239197
0.06277301907539368
0.08424383401870728
0.282100111246109
0.9865100383758545
0.01644119620323181
0.8523514270782471
0.9246701002120972
0.9232418537139893
0.5
0.7205958366394043
0.9836007952690125
0.228061705827713
0.21275290846824646
0.8898316621780396
0.5
0.7873068451881409
0.5
0.9960758686065674
0.16070687770843506
0.7593419551849365
0.9816910624504089
0.5
0.5
0.1711624264717102
0.8436731100082397
0.9840505719184875
0.5
0.12258890271186829
0.2142452895641327
0.7456325888633728
0.5
0.5
0.5
0.5
0.9530819058418274
0.5
0.5
0.5
0.9928121566772461
0.26574063301086426
0.2422175109386444
0.1660168170928955
0.18612593412399292
0.7097669839859009
0.12269940972328186
0.014874935150146484
0.9201177954673767
0.20291751623153687
0.5
0.8804613351821899
0.050571829080581665
0.9113353490829468
0.8219387531280518
0.9451848268508911
0.9203156232833862
0.5
0.5
0.7977606058120728
0.8376630544662476
0.0612090528011322
0.9180502891540527
0.9991601705551147
0.5
0.5
0.7775453925132751
0.5
0.9493072032928467
0.9195801019668579
0.5
0.24773478507995605
0.5
0.5
0.2982909679412842
0.14133116602897644
0.08528128266334534
0.9994808435440063
0.9396530389785767
0.7759220600128174
0.7684981822967529
0.1476852297782898
0.5
0.7526238560676575
0.5
0.5
0.8317623138427734
0.5
0.8382762670516968
0.804240345954895
0.91179358959198
0.5
0.016093581914901733
0.5
0.13368910551071167
0.8960747718811035
0.8459223508834839
0.9687403440475464
0.22470229864120483
0.9016773700714111
0.7437766790390015
0.8009462356567383
0.9581212997436523
0.9780664443969727
0.5
0.9977073669433594
0.9754984378814697
0.08720889687538147
0.7791979312896729
0.7507385611534119
0.21270442008972168
0.7743520736694336
0.5
0.5
0.905166506767273
0.0815410315990448
0.5
0.7641974687576294
0.8166824579238892
0.05461820960044861
0.10979712009429932
0.9260720014572144
0.047002166509628296
0.9437991976737976
0.5
0.8926408886909485
0.9917618036270142
0.9696035385131836
0.06884709000587463
0.9668062925338745
0.891366183757782
0.8070023059844971
0.1665022075176239
0.2309536337852478
0.5
0.5
0.1760360598564148
0.9277991652488708
0.9738825559616089
0.7570840120315552
0.5
0.9689862728118896
0.1730397641658783
0.9615672826766968
0.2325674593448639
0.6945706009864807
0.9038722515106201
0.08206921815872192
0.8043637275695801
0.8438607454299927
0.5
0.05686229467391968
0.05186989903450012
0.9999929666519165
0.7901957035064697
0.8612689971923828
0.5
0.5
0.7943975925445557
0.7868103981018066
0.5
0.7696359157562256
0.9879423379898071
0.006997138261795044
0.8588336110115051
0.24136421084403992
0.009505093097686768
0.8036267161369324
0.9817244410514832
0.08228081464767456
0.0706251859664917
0.1820043921470642
0.7526739239692688
0.9448376893997192
0.9173691272735596
0.8670223951339722
0.09908199310302734
0.009555786848068237
0.06425818800926208
0.5
0.9108527898788452
0.09869664907455444
0.8745743036270142
0.004606366157531738
0.9666764736175537
0.5
0.6976752281188965
0.05887284874916077
0.8642377853393555
0.2343561053276062
0.962087869644165
0.9353387355804443
0.816198468208313
0.1016789972782135
0.016609162092208862
0.7614425420761108
0.5
0.8534203171730042
0.9503777623176575
0.2306053340435028
0.9029957056045532
0.5
0.8510872721672058
0.7980659008026123
0.8306753635406494
0.1575184166431427
0.9999949932098389
0.5
0.5
0.9084662199020386
0.20757976174354553
0.8912538290023804
0.5
0.7305030226707458
0.9994755983352661
0.906528115272522
0.9504408836364746
0.9769377708435059
0.9922744035720825
0.5
0.835700511932373
0.020283371210098267
0.5
0.8883513808250427
0.31303900480270386
0.7251516580581665
0.2726985812187195
0.30259448289871216
0.8183766007423401
0.5
0.20477023720741272
0.9077249765396118
0.19315028190612793
0.08803659677505493
0.8224266767501831
0.9566258788108826
0.9615802764892578
0.9258255958557129
0.9822707772254944
0.9386012554168701
0.9669891595840454
0.5
0.9550292491912842
0.9846656322479248
0.5
0.5
0.894973874092102
0.2606470584869385
0.22011688351631165
0.3130037188529968
0.6987770795822144
0.9555130004882812
0.7239114046096802
0.015512257814407349
0.26545655727386475
0.7605980038642883
0.14441105723381042
0.8877760767936707
0.7696840167045593
0.9849098920822144
0.8306372761726379
0.9943315982818604
0.9394881129264832
0.8683170080184937
0.5
0.9364205598831177
0.5
0.9197288751602173
0.7650352716445923
0.901762843132019
0.8863586187362671
0.27933457493782043
0.1932273507118225
0.8988764882087708
0.7807185649871826
0.029866009950637817
0.9272427558898926
0.9914326667785645
0.5
0.8894316554069519
0.9997530579566956
0.025405466556549072
0.09239345788955688
0.9292237758636475
0.10197833180427551
0.5
0.5
0.23952767252922058
0.22613510489463806
0.04020056128501892
0.23525643348693848
0.8262021541595459
0.9618808031082153
0.5
0.13006356358528137
0.5
0.5
0.8183084726333618
0.9764217138290405
0.5
0.5
0.7987526059150696
0.9873190522193909
0.8831985592842102
0.9865577220916748
0.5
0.7754538059234619
0.5
0.15309852361679077
0.2524549663066864
0.14445841312408447
0.9881199598312378
0.2684367299079895
0.8552045822143555
0.8781522512435913
0.22599321603775024
0.9043556451797485
0.9657377600669861
0.7963442206382751
0.17745181918144226
0.5
0.9388591051101685
0.9040631055831909
0.9920527338981628
0.8765177726745605
0.5
0.9242982864379883
0.0003097951412200928
0.7304859161376953
0.21678882837295532
0.9976900815963745
0.5
0.8164056539535522
0.7355810403823853
0.6987770795822144
0.9099578261375427
0.01300138235092163
0.5
0.857305645942688
0.08020374178886414
0.04562234878540039
0.8303390741348267
0.5
0.780517578125
0.8229689598083496
0.5
0.9449890851974487
0.9169490933418274
0.9197964072227478
0.5
0.851896345615387
0.5
0.27958375215530396
0.5
0.5
0.20590731501579285
0.8787645101547241
0.5
0.7612184882164001
0.8490253686904907
0.999775767326355
0.9995983839035034
0.8531627058982849
0.8675791025161743
0.5
0.9822959899902344
0.7895305156707764
0.9387173652648926
0.851371705532074
0.5
0.9874070882797241
0.014180988073348999
0.9764516353607178
0.24747592210769653
0.16744452714920044
0.9341013431549072
0.7779856324195862
0.5
0.09089407324790955
0.5
0.8773146867752075
0.5
0.1521281599998474
0.7970191836357117
0.9732087254524231
0.5
0.9420849084854126
0.8191720247268677
0.8479782938957214
0.7379088401794434
0.5
0.22746431827545166
0.11948001384735107
0.18505319952964783
0.7652575969696045
0.93647301197052
0.5
0.8134051561355591
0.18412375450134277
0.07303494215011597
0.23601120710372925
0.9842531681060791
0.8383892178535461
0.5
0.7041492462158203
0.5
0.9913769960403442
0.5
0.7526739239692688
0.83717942237854
0.9991762638092041
0.9755289554595947
0.9354680776596069
0.9975862503051758
0.5
0.2119092345237732
0.7780563831329346
0.047227680683135986
0.7492151856422424
0.5
0.15213626623153687
0.20614558458328247
0.8967859745025635
0.5
0.8251820802688599
0.9539107084274292
0.9348595142364502
0.5
0.9750191569328308
0.5
0.836045503616333
0.8269640207290649
0.9989175796508789
0.80757737159729
0.002262115478515625
0.5
0.9454854726791382
0.9759142398834229
0.10252580046653748
0.752550482749939
0.7573717832565308
0.9409915208816528
0.7601659893989563
0.5
0.2727004885673523
0.748680591583252
0.5
0.5
0.5
0.5
0.8145427107810974
0.8682467937469482
0.7731669545173645
0.9291419386863708
0.5
0.7458509206771851
0.7829227447509766
0.9062661528587341
0.7301007509231567
0.708340048789978
0.9446027278900146
0.5
0.9612210392951965
0.040553778409957886
0.18209999799728394
0.021168172359466553
0.998741865158081
0.5
0.5
0.8647030591964722
0.8974646329879761
0.1787928342819214
0.8169260621070862
0.8346081972122192
0.8986974954605103
0.9071599245071411
0.7650125026702881
0.07651612162590027
0.0628930926322937
0.9806693196296692
0.873989462852478
0.5
0.5
0.2489566206932068
0.9922146201133728
0.8429009318351746
0.8284957408905029
0.08374455571174622
0.8363921046257019
0.01614263653755188
0.5
0.28348761796951294
0.7694975137710571
0.7138850092887878
0.797028660774231
0.7194052934646606
0.5
0.9348526000976562
0.8898561596870422
0.8362810611724854
0.8394697308540344
0.80202317237854
0.27000853419303894
0.10611683130264282
0.7282147407531738
0.05100008845329285
0.0348970890045166
0.16902968287467957
0.2094307243824005
0.5
0.04419705271720886
0.0001221299171447754
0.71254563331604
0.027208596467971802
0.8667177557945251
0.9892381429672241
0.5
0.8498828411102295
0.0739767849445343
0.5
0.8166214823722839
0.5
0.5
0.5
0.7749295234680176
0.8937357068061829
0.9957383871078491
0.749840497970581
0.5
0.2416870892047882
0.5
0.853224515914917
0.2829554080963135
0.5
0.7685065269470215
0.5
0.5
0.9480612277984619
0.7814604043960571
0.9756813049316406
0.8082398176193237
0.9845882654190063
0.2793613374233246
0.5
0.027674883604049683
0.04955786466598511
0.994217038154602
0.5
0.7929043769836426
0.5
0.9068577289581299
0.8652273416519165
0.8457385301589966
0.22388684749603271
0.9961860179901123
0.8467073440551758
0.9200208187103271
0.9241190552711487
0.3018917441368103
0.8771085739135742
0.14315617084503174
0.7555563449859619
0.9614963531494141
0.09746041893959045
0.7474985122680664
0.5
0.03518998622894287
0.9227415323257446
0.8219387531280518
0.706918478012085
0.17631453275680542
0.9239205121994019
0.5
0.012115389108657837
0.8523514270782471
0.1625162959098816
0.8337082862854004
0.15308114886283875
0.9998645782470703
0.9888010025024414
0.1273326277732849
0.17238876223564148
0.9995483160018921
0.8399243354797363
0.5
0.7258011102676392
0.7530312538146973
0.7754842042922974
0.5
0.5
0.819994330406189
0.5
0.7940123081207275
0.8326205015182495
0.12714484333992004
0.7927112579345703
0.5
0.7810908555984497
0.5
0.19264304637908936
0.797412097454071
0.5
0.2087472379207611
0.7526739239692688
0.2582894563674927
0.5
0.9290743470191956
0.5
0.9113386273384094
0.9054859280586243
0.7260429263114929
0.5
0.5
0.01664501428604126
0.29538753628730774
0.7967449426651001
0.9988687634468079
0.5
0.013440907001495361
0.5
0.8022333383560181
0.9430948495864868
0.15403982996940613
0.2543928027153015
0.22861623764038086
0.5
0.1191561222076416
0.13050773739814758
0.1102755069732666
0.9981973171234131
0.0685771107673645
0.08565732836723328
0.8503909111022949
0.5
0.5
0.9351702332496643
0.8806021213531494
0.8292242288589478
0.5
0.9650006294250488
0.15470314025878906
0.28694045543670654
0.7425651550292969
0.8273485898971558
0.5
0.5
0.5
0.7526739239692688
0.8130380511283875
0.9846361875534058
0.0725649893283844
0.7694992423057556
0.5
0.8678531646728516
0.8309462070465088
0.9063626527786255
0.5
0.2165285050868988
0.5
0.7705602645874023
0.8136202692985535
0.891237735748291
0.9102525115013123
0.7711731195449829
0.9584950804710388
0.054237037897109985
0.8846032023429871
0.8643631935119629
0.023579120635986328
0.9579777121543884
0.5
0.5
0.05597996711730957
0.5
0.8308652639389038
0.5
0.973930835723877
0.05919107794761658
0.9210093021392822
0.7459337711334229
0.7428966164588928
0.9774966239929199
0.7329334020614624
0.5
0.9616665244102478
0.09535101056098938
0.880178689956665
0.795933723449707
0.7932772636413574
0.8929272890090942
0.8980810046195984
0.07205262780189514
0.5
0.8401941657066345
0.5
0.07529950141906738
0.2790597081184387
0.26456236839294434
0.19667842984199524
0.9328597784042358
0.8635191917419434
0.5
0.18538561463356018
0.9024445414543152
0.8855001926422119
0.013794690370559692
0.8603827953338623
0.9678249359130859
0.9844692945480347
0.7677953243255615
0.9135185480117798
0.5
0.5
0.9348894357681274
0.5
0.20923882722854614
0.9413042068481445
0.9859544038772583
0.9484107494354248
0.8604182004928589
0.5
0.010893404483795166
0.13395452499389648
0.8936952352523804
0.5
0.5
0.5
0.9950579404830933
0.9324227571487427
0.16026800870895386
0.5
0.5
0.9853858947753906
0.8520196676254272
0.7264994978904724
0.7972854375839233
0.10018694400787354
0.918542742729187
0.8410201072692871
0.7405697107315063
0.5
0.16184216737747192
0.8986408710479736
0.7079274654388428
0.7344831824302673
0.13674554228782654
0.24437081813812256
0.16155791282653809
0.8997074365615845
0.9025061130523682
0.5
0.5
0.5
0.9512765407562256
0.9816423058509827
0.9984067678451538
0.7597843408584595
0.7794615030288696
0.9490503072738647
0.5
0.9560398459434509
0.7882277965545654
0.7172357439994812
0.0350872278213501
0.5
0.8248558640480042
0.004546493291854858
0.9852372407913208
0.9231157302856445
0.10401582717895508
0.5
0.5
0.8436731100082397
0.5
0.0869203507900238
0.032576680183410645
0.7177515029907227
0.733794093132019
0.021952301263809204
0.06192284822463989
0.5
0.7652762532234192
0.14704474806785583
0.8284794092178345
0.8791773915290833
0.9211561679840088
0.7505643367767334
0.7069673538208008
0.5
0.9193734526634216
0.0071825385093688965
0.2464887499809265
0.5
0.8515713810920715
0.9111574292182922
0.5
0.5
0.8124669194221497
0.17072653770446777
0.5
0.5
0.5
0.15936613082885742
0.9944684505462646
0.9327912330627441
0.2158312201499939
0.5
0.1841369867324829
0.5
0.9476758241653442
0.09154996275901794
0.9965413808822632
0.09438163042068481
0.18971854448318481
0.7003450393676758
0.7660164833068848
0.7989557981491089
0.9542715549468994
0.7592712640762329
0.821030855178833
0.8869404792785645
0.7289829850196838
0.1086767315864563
0.20742931962013245
0.23793694376945496
0.8717063069343567
0.9026820659637451
0.8272931575775146
0.7563442587852478
0.7330270409584045
0.5
0.5
0.007182031869888306
0.9359819889068604
0.10452237725257874
0.5
0.5
0.210882306098938
0.01607835292816162
0.936637282371521
0.17406687140464783
0.08678185939788818
0.90842604637146
0.04569411277770996
0.8506139516830444
0.5
0.5
0.5
0.9784277677536011
0.5
0.5
0.8737331628799438
0.9987660646438599
0.5
0.09295323491096497
0.9782372713088989
0.5
0.9987717270851135
0.8698241710662842
0.013996273279190063
0.9962673187255859
0.5
0.9714304208755493
0.7985988855361938
0.5
0.5
0.5
0.2512730360031128
0.9513772130012512
0.24889808893203735
0.8785794377326965
0.5
0.8219387531280518
0.029311925172805786
0.7450296878814697
0.999250054359436
0.5
0.06275773048400879
0.9993122220039368
0.06280824542045593
0.8222317099571228
0.780014157295227
0.9230937957763672
0.7678186893463135
0.994251012802124
0.7509748935699463
0.7615979909896851
0.050436705350875854
0.026143312454223633
0.16464605927467346
0.9999032020568848
0.29819393157958984
0.8187602162361145
0.9760633707046509
0.7632119655609131
0.8155668377876282
0.9113714694976807
0.8423741459846497
0.5
0.9420762658119202
0.9755358695983887
0.5
0.9935140609741211
0.5
0.04717707633972168
0.1401824951171875
0.7656160593032837
0.5
0.5
0.8829530477523804
0.22573766112327576
0.11809971928596497
0.8286234140396118
0.03271031379699707
0.9379818439483643
0.9065468311309814
0.5
0.964040219783783
0.8630572557449341
0.8870015144348145
0.06969642639160156
0.5
0.8820310831069946
0.2575204372406006
0.7908794283866882
0.8503910303115845
0.01728227734565735
0.8016839027404785
0.7355096936225891
0.5
0.22505059838294983
0.14816337823867798
0.989565908908844
0.5
0.1823418140411377
0.7440093159675598
0.7297743558883667
0.9948397874832153
0.8400164246559143
0.9916308522224426
0.5
0.027255713939666748
0.8460747003555298
0.873039722442627
0.5
0.5
0.9642523527145386
0.14008444547653198
0.998917818069458
0.7971851229667664
0.8311689496040344
0.8373246192932129
0.5
0.5
0.9692224264144897
0.1565268635749817
0.9999281167984009
0.5
0.5
0.027497053146362305
0.8995871543884277
0.2313951849937439
0.5
0.5
0.9522829651832581
0.5
0.027205437421798706
0.777341365814209
0.9826153516769409
0.9746623039245605
0.855093777179718
0.12771108746528625
0.9993361234664917
0.7774643898010254
0.9153864979743958
0.5
0.5
0.5
0.9991347789764404
0.8211951851844788
0.8993598222732544
0.6903988718986511
0.9853436946868896
0.20516490936279297
0.8843108415603638
0.2575646936893463
0.8603770732879639
0.8738237619400024
0.5
0.21414995193481445
0.16188883781433105
0.8747583627700806
0.269861102104187
0.07734495401382446
0.17666739225387573
0.270776629447937
0.7474431991577148
0.8426206111907959
0.8616988062858582
0.22309470176696777
0.7526739239692688
0.5
0.5
0.9942660331726074
0.8586322069168091
0.7759271264076233
0.5
0.9884171485900879
0.7248810529708862
0.24203944206237793
0.7494666576385498
0.9600598812103271
0.004264503717422485
0.9184979796409607
0.2000022828578949
0.5
0.14608916640281677
0.7956804633140564
0.5
0.27066779136657715
0.8008738160133362
0.989486575126648
0.912310004234314
0.7964107990264893
0.5
0.5
0.9763616919517517
0.11892589926719666
0.999200701713562
0.12109535932540894
0.9512512683868408
0.5
0.7768750786781311
0.5
0.973930835723877
0.5
0.5
0.918926477432251
0.9796937704086304
0.8243210315704346
0.748245120048523
0.25576597452163696
0.6961266994476318
0.2610130310058594
0.8679726719856262
0.9652409553527832
0.9343301057815552
0.5
0.7226471304893494
0.7117749452590942
0.5
0.7082386612892151
0.5
0.5
0.756738543510437
0.1320103406906128
0.9591418504714966
0.9439228773117065
0.024701058864593506
0.9148459434509277
0.1674036979675293
0.7504894733428955
0.8109432458877563
0.5
0.7481575012207031
0.28790128231048584
0.6925275325775146
0.9341917037963867
0.5
0.5
0.7974519729614258
0.8132444620132446
0.033905208110809326
0.9379478693008423
0.7433045506477356
0.1870938241481781
0.7988183498382568
0.9855622053146362
0.08410888910293579
0.8718715906143188
0.6757660508155823
0.08275812864303589
0.9920814037322998
0.965247631072998
0.0734415352344513
0.9859991073608398
0.04020488262176514
0.5
0.5
0.9905077219009399
0.9998154640197754
0.5
0.5
0.9855200052261353
0.5
0.8195428848266602
0.5
0.5
0.8312913179397583
0.9190617799758911
0.73808753490448
0.9166394472122192
0.20290380716323853
0.9396061897277832
0.5
0.5
0.02875325083732605
0.9394320249557495
0.5
0.9992135167121887
0.8776596784591675
0.5
0.7823547124862671
0.8090698719024658
0.8290212154388428
0.9091048836708069
0.9175701141357422
0.5
0.8026741147041321
0.9477629065513611
0.5
0.9000797271728516
0.7651383876800537
0.5
0.8366720676422119
0.8540529608726501
0.2667590379714966
0.9854402542114258
0.856207013130188
0.7117605209350586
0.7234542965888977
0.7444910407066345
0.9995781183242798
0.8851981163024902
0.5
0.8776363730430603
0.8982089757919312
0.5
0.12202844023704529
0.13505688309669495
0.8107011318206787
0.7677901983261108
0.21864348649978638
0.9811069369316101
0.5
0.5
0.8398340344429016
0.7458509206771851
0.020307958126068115
0.7642687559127808
0.1964370310306549
0.12748730182647705
0.9833555221557617
0.09085604548454285
0.9887723922729492
0.016416549682617188
0.06668493151664734
0.7960008382797241
0.8611264228820801
0.5
0.5
0.19930115342140198
0.26178431510925293
0.003073751926422119
0.14399608969688416
0.934715747833252
0.5
0.8243210315704346
0.5
0.9888695478439331
0.9952667951583862
0.5
0.5
0.8374361991882324
0.037422776222229004
0.5
0.8513550758361816
0.8328144550323486
0.9965690970420837
0.2316206693649292
0.7032438516616821
0.5
0.7507296800613403
0.5
0.5
0.989257276058197
0.23150473833084106
0.9399137496948242
0.8113682270050049
0.9005935788154602
0.966719388961792
0.5
0.5
0.841916561126709
0.020343035459518433
0.5
0.8311793208122253
0.10450750589370728
0.9984114170074463
0.24673378467559814
0.5
0.5
0.5
0.5
0.8675650358200073
0.1896112859249115
0.5
0.5
0.5
0.752959132194519
0.5
0.23579877614974976
0.9863314628601074
0.18553784489631653
0.9392248392105103
0.5
0.5
0.5
0.5
0.5
0.7819340229034424
0.9331284761428833
0.5
0.5
0.920918345451355
0.5
0.9856664538383484
0.8679051399230957
0.22931796312332153
0.23553231358528137
0.005568265914916992
0.5
0.5
0.5
0.19142621755599976
0.5
0.1701575517654419
0.9998075366020203
0.5
0.8505231142044067
0.7800847887992859
0.8086132407188416
0.9965003728866577
0.170050710439682
0.05418840050697327
0.5
0.8729277849197388
0.2083410918712616
0.8690580129623413
0.7730470299720764
0.5
0.0874495804309845
0.7777615785598755
0.8953937292098999
0.06410521268844604
0.9487234354019165
0.6843162178993225
0.8980042934417725
0.008065253496170044
0.8883739709854126
0.7867498397827148
0.2602465748786926
0.7349656820297241
0.8555972576141357
0.1984502077102661
0.5
0.20048436522483826
0.5
0.7243396043777466
0.2246721088886261
0.06334188580513
0.7365766167640686
0.8697109222412109
0.21102964878082275
0.20814236998558044
0.5
0.08419978618621826
0.873821496963501
0.7457630634307861
0.5
0.9451848268508911
0.7684053778648376
0.5
0.8930583000183105
0.5
0.1709631383419037
0.22238874435424805
0.9416162967681885
0.5
0.9625139236450195
0.7466785311698914
0.9857343435287476
0.5
0.5
0.010014533996582031
0.9491785764694214
0.8351255655288696
0.7526739239692688
0.5
0.7629555463790894
0.5
0.07298818230628967
0.19391003251075745
0.04087406396865845
0.9826904535293579
0.947056770324707
0.7544701099395752
0.5
0.996616005897522
0.8546528220176697
0.7317698001861572
0.1271422803401947
0.24493223428726196
0.7526739239692688
0.7067280411720276
0.775182843208313
0.7500847578048706
0.9720255732536316
0.19740191102027893
0.14463350176811218
0.5
0.5
0.9452126026153564
0.8697086572647095
0.7801119685173035
0.81150883436203
0.9728227853775024
0.7566351890563965
0.5
0.9323451519012451
0.8715149164199829
0.8977816104888916
0.2498953938484192
0.8514018654823303
0.05176788568496704
0.11933600902557373
0.8202944993972778
0.19680047035217285
0.9674302339553833
0.5
0.9443627595901489
0.5
0.5
0.5
0.056056320667266846
0.7526739239692688
0.5
0.5
0.013424426317214966
0.8220295906066895
0.7632995843887329
0.7526739239692688
0.16635584831237793
0.8661725521087646
0.7135679721832275
0.5
0.5
0.5
0.8537078499794006
0.5
0.5
0.5
0.9011242985725403
0.0787351131439209
0.9407109022140503
0.9977414608001709
0.5
0.23781472444534302
0.8303752541542053
0.9971873760223389
0.5
0.5
0.5
0.7038871645927429
0.9996341466903687
0.8645240068435669
0.5
0.761249303817749
0.9956275224685669
0.22197747230529785
0.18850946426391602
0.8338850140571594
0.9374449253082275
0.5
0.5
0.992341160774231
0.8561781644821167
0.9009534120559692
0.998725950717926
0.15712231397628784
0.5
0.023184210062026978
0.7734287977218628
0.8049739599227905
0.5
0.0066592395305633545
0.9070978760719299
0.13589277863502502
0.9398647546768188
0.851958155632019
0.9159978628158569
0.9670760035514832
0.9586058855056763
0.5
0.7779333591461182
0.9803662300109863
0.8115489482879639
0.769071638584137
0.9404268860816956
0.9176809787750244
0.014926820993423462
0.906244158744812
0.5
0.9653650522232056
0.8776580095291138
0.005787551403045654
0.9365766048431396
0.8479433059692383
0.8436901569366455
0.7326260209083557
0.9999838471412659
0.817898154258728
0.7282541990280151
0.9404329061508179
0.7832790017127991
0.05805292725563049
0.8873375654220581
0.7393048405647278
0.9484175443649292
0.7554423809051514
0.8995275497436523
0.8371565341949463
0.5
0.9062066078186035
0.5
0.08395969867706299
0.5
0.5
0.006460398435592651
0.33066925406455994
0.9997316598892212
0.7120022177696228
0.5
0.5
0.9680110216140747
0.5
0.7593580484390259
0.26772308349609375
0.9244377613067627
0.18195348978042603
0.9608347415924072
0.7499114871025085
0.8009522557258606
0.7400785684585571
0.15573513507843018
0.025363773107528687
0.5
0.5
0.5
0.5
0.9438501596450806
0.941148042678833
0.5
0.5
0.5
0.5
0.9996131658554077
0.7952885627746582
0.2787834405899048
0.9652338027954102
0.8422788381576538
0.5
0.5
0.7450250387191772
0.12935906648635864
0.5
0.5
0.10074621438980103
0.9976805448532104
0.30323415994644165
0.195939302444458
0.716034471988678
0.8156316876411438
0.5
0.11501872539520264
0.7003819346427917
0.5
0.5
0.5
0.7997841835021973
0.9253288507461548
0.9060665369033813
0.7522153854370117
0.12498888373374939
0.8139549493789673
0.5
0.25386080145835876
0.5
0.9127281308174133
0.9283351898193359
0.8974646329879761
0.10108119249343872
0.08262830972671509
0.7212529182434082
0.949633002281189
0.06192260980606079
0.8283804655075073
0.9996728897094727
0.7792867422103882
0.5
0.025766432285308838
0.5
0.9696887731552124
0.5
0.9817214012145996
0.5
0.8802753686904907
0.11973980069160461
0.1497863233089447
0.12102234363555908
0.9077506065368652
0.8518567681312561
0.9954556226730347
0.7000522017478943
0.7973842620849609
0.9544060230255127
0.8226993680000305
0.07830208539962769
0.7470671534538269
0.5
0.18222299218177795
0.5
0.2176257073879242
0.0671088695526123
0.009371936321258545
0.5
0.914513349533081
0.5
0.8639134764671326
0.007867217063903809
0.5
0.9985363483428955
0.907981812953949
0.5
0.5
0.9442752003669739
0.9176498651504517
0.5
0.8442368507385254
0.5
0.5
0.1072622537612915
0.5
0.051489949226379395
0.023996680974960327
0.8154230117797852
0.21963059902191162
0.23330846428871155
0.24657520651817322
0.2977026104927063
0.5
0.5
0.5
0.7644840478897095
0.13315466046333313
0.5
0.2540215253829956
0.014314085245132446
0.7476503849029541
0.9122438430786133
0.19914400577545166
0.01077166199684143
0.901662290096283
0.8241593837738037
0.8280519247055054
0.20494186878204346
0.5
0.06306105852127075
0.9995774626731873
0.9344193935394287
0.9112730026245117
0.9947335720062256
0.055513083934783936
0.7028772830963135
0.8203980922698975
0.9064435958862305
0.8791244626045227
0.8685688972473145
0.7424124479293823
0.02195805311203003
0.8875811100006104
0.8365789651870728
0.1295011043548584
0.17368799448013306
0.23958605527877808
0.9844385981559753
0.5
0.5
0.8578441143035889
0.5
0.5
0.7531284093856812
0.20128056406974792
0.5
0.7272618412971497
0.05346974730491638
0.040715306997299194
0.8438509702682495
0.7302325367927551
0.89263916015625
0.9940028190612793
0.927263617515564
0.24142900109291077
0.9169450998306274
0.5
0.9476510882377625
0.05284431576728821
0.5
0.8322460651397705
0.19210511445999146
0.7526739239692688
0.7553706169128418
0.2574191689491272
0.8074089288711548
0.14769455790519714
0.9059652090072632
0.7972617149353027
0.8916088342666626
0.18181061744689941
0.8544080257415771
0.035949498414993286
0.8247573375701904
0.5
0.9037445783615112
0.226179838180542
0.8540456295013428
0.7577571868896484
0.848556399345398
0.19936466217041016
0.8945388793945312
0.9966051578521729
0.99897700548172
0.8769489526748657
0.9987703561782837
0.9811282753944397
0.5
0.19349974393844604
0.5
0.8707350492477417
0.9665237665176392
0.8579788208007812
0.3081476390361786
0.7991636991500854
0.5
0.7828651666641235
0.9988131523132324
0.5
0.764092206954956
0.020809173583984375
0.11995911598205566
0.766442060470581
0.10576853156089783
0.5
0.8912941217422485
0.5
0.16867247223854065
0.001816481351852417
0.1686674952507019
0.5
0.16711637377738953
0.03503388166427612
0.5
0.8265730142593384
0.22317692637443542
0.7185649871826172
0.5
0.9592713117599487
0.5
0.9986112117767334
0.5
0.8795117139816284
0.21016588807106018
0.9821577072143555
0.21593442559242249
0.1922694742679596
0.7485564351081848
0.5
0.7689449787139893
0.5
0.8171532154083252
0.9872524738311768
0.9998087882995605
0.5
0.5
0.9936060905456543
0.10575884580612183
0.5
0.5
0.5
0.8893669247627258
0.17662957310676575
0.08062982559204102
0.07898733019828796
0.8180257678031921
0.13071152567863464
0.7562519311904907
0.2381179928779602
0.9161497354507446
0.5
0.8738096952438354
0.8427345752716064
0.7455981969833374
0.9252045154571533
0.9999513626098633
0.933474063873291
0.9474031925201416
0.73541259765625
0.5
0.7605674266815186
0.05959463119506836
0.9998034238815308
0.7627962827682495
0.5
0.5
0.9941806793212891
0.5
0.1868886947631836
0.704778254032135
0.5
0.0807466208934784
0.9681318402290344
0.7526739239692688
0.5
0.9288010597229004
0.1209222674369812
0.5
0.9534010291099548
0.8298437595367432
0.2141474187374115
0.5
0.9505244493484497
0.9424314498901367
0.9302098751068115
0.5
0.5
0.10417073965072632
0.5
0.5
0.10649946331977844
0.7358250021934509
0.8108692169189453
0.7659318447113037
0.860071063041687
0.9032546281814575
0.5
0.9865027666091919
0.7557175159454346
0.5
0.5
0.8819546699523926
0.5
0.19668272137641907
0.7656088471412659
0.5
0.5
0.5
0.051842957735061646
0.20043298602104187
0.8166210651397705
0.2428939938545227
0.2143656611442566
0.5
0.8416755199432373
0.5
0.5
0.5
0.815269947052002
0.6988149285316467
0.04279699921607971
0.8292440176010132
0.037082403898239136
0.2435249388217926
0.09447300434112549
0.7522874474525452
0.5
0.1916906237602234
0.9828007221221924
0.5
0.5
0.8519901037216187
0.9145904779434204
0.5
0.8624373078346252
0.8643555641174316
0.9440444707870483
0.5
0.7833428978919983
0.9699957966804504
0.5
0.876250147819519
0.9148279428482056
0.062898188829422
0.9997329711914062
0.260497510433197
0.07694092392921448
0.8270347118377686
0.7579002380371094
0.5
0.997390627861023
0.865500807762146
0.2330435812473297
0.23835629224777222
0.8230702877044678
0.02956753969192505
0.17803743481636047
0.12442630529403687
0.2216486930847168
0.8574915528297424
0.9296779632568359
0.9272245168685913
0.1988685429096222
0.5
0.14959019422531128
0.16852721571922302
0.5
0.8245108127593994
0.08934491872787476
0.014520138502120972
0.9806056618690491
0.9942965507507324
0.21456867456436157
0.2090582549571991
0.9407333135604858
0.5
0.5
0.8942101001739502
0.8399534225463867
0.22438153624534607
0.5
0.7715030312538147
0.5
0.5
0.9063425064086914
0.729500412940979
0.937914252281189
0.8377417922019958
0.5
0.1423298716545105
0.9150487184524536
0.5
0.08851751685142517
0.8211367726325989
0.5
0.19353210926055908
0.5
0.7877341508865356
0.8203182816505432
0.5
0.13695192337036133
0.2504238486289978
0.8308155536651611
0.5
0.9998076558113098
0.5
0.2555057406425476
0.23444294929504395
0.9173243641853333
0.9736508131027222
0.8623720407485962
0.19190219044685364
0.5
0.7834515571594238
0.5
0.11711716651916504
0.0382918119430542
0.9566304087638855
0.9256738424301147
0.2159801423549652
0.5
0.07893431186676025
0.5
0.5
0.5
0.12745720148086548
0.08543926477432251
0.178594172000885
0.5
0.7357476949691772
0.5
0.5
0.120841383934021
0.5
0.5
0.5
0.9221343994140625
0.06647634506225586
0.26569366455078125
0.8892245292663574
0.9440950155258179
0.0026092231273651123
0.5
0.006063312292098999
0.7407687306404114
0.5
0.1332627236843109
0.5
0.5
0.9658640623092651
0.8220129013061523
0.7875312566757202
0.9744912385940552
0.5
0.13960957527160645
0.9105260968208313
0.794204831123352
0.5
0.9459354877471924
0.20619747042655945
0.5
0.22806450724601746
0.21801108121871948
0.9312999248504639
0.7454670071601868
0.14578673243522644
0.9515358209609985
0.03422209620475769
0.17626908421516418
0.7067263722419739
0.7093058228492737
0.7526739239692688
0.1373036801815033
0.7941427230834961
0.7539457678794861
0.13242775201797485
0.15888455510139465
0.5
0.9218651056289673
0.5
0.2616797089576721
0.13638532161712646
0.9529171586036682
0.8206461668014526
0.9293814897537231
0.8138940930366516
0.5
0.7526739239692688
0.9670483469963074
0.5
0.5
0.5
0.15690630674362183
0.5
0.004551053047180176
0.5
0.8363064527511597
0.8601468801498413
0.7370417714118958
0.757960319519043
0.8763659000396729
0.95652836561203
0.7526739239692688
0.5
0.9973863363265991
0.013762205839157104
0.19778448343276978
0.9746671915054321
0.8508491516113281
0.8592634201049805
0.5
0.7515932321548462
0.9984920024871826
0.14503926038742065
0.8157929182052612
0.741636335849762
0.776477575302124
0.27223241329193115
0.5
0.10155200958251953
0.9488201141357422
0.5
0.9024758338928223
0.7270858883857727
0.5
0.7646996378898621
0.9762459993362427
0.5
0.824691653251648
0.1420450508594513
0.9323921799659729
0.6869710683822632
0.5
0.9289278984069824
0.9995798468589783
0.774517297744751
0.7274351119995117
0.058107465505599976
0.8345410823822021
0.20241907238960266
0.045695722103118896
0.7722622156143188
0.7474206686019897
0.8033313751220703
0.014720946550369263
0.9688714742660522
0.5
0.022562146186828613
0.7526739239692688
0.7660868167877197
0.9646178483963013
0.2141748070716858
0.2295680046081543
0.06609827280044556
0.8222895860671997
0.9201076030731201
0.5
0.05710610747337341
0.9855065941810608
0.8135190606117249
0.5
0.9981297850608826
0.5
0.6898066997528076
0.08627420663833618
0.5
0.9006232619285583
0.2690521776676178
0.2511774003505707
0.8205091953277588
0.7909108400344849
0.11236628890037537
0.09969708323478699
0.5
0.949494481086731
0.5
0.9826911091804504
0.9532710313796997
0.814313530921936
0.2707408666610718
0.5
0.26554957032203674
0.013105601072311401
0.10626396536827087
0.9112154245376587
0.7690412998199463
0.06289184093475342
0.7524048089981079
0.7927882671356201
0.5
0.0897289514541626
0.838066816329956
0.16768312454223633
0.5
0.7834515571594238
0.7582659721374512
0.6978303790092468
0.09224852919578552
0.5
0.8783893585205078
0.24038976430892944
0.8523514270782471
0.9999264478683472
0.956160306930542
0.7761927843093872
0.7362484335899353
0.9998865127563477
0.5
0.18880903720855713
0.9999942779541016
0.2985818684101105
0.07491898536682129
0.931881308555603
0.5
0.5
0.5
0.5
0.9264798760414124
0.985274612903595
0.5
0.840796947479248
0.8857570290565491
0.5
0.954243540763855
0.23720991611480713
0.2219206988811493
0.5
0.5
0.5
0.7538692951202393
0.7749874591827393
0.9244320392608643
0.5
0.8523514270782471
0.5
0.041730642318725586
0.0058172643184661865
0.9338860511779785
0.8857570290565491
0.9194140434265137
0.8117036819458008
0.887771487236023
0.1716466248035431
0.22271457314491272
0.24113887548446655
0.08640220761299133
0.9955676794052124
0.08269205689430237
0.7608788013458252
0.2537386417388916
0.5
0.8241981267929077
0.7217717170715332
0.9958527088165283
0.05949282646179199
0.1931385099887848
0.5
0.19478797912597656
0.5
0.8363559246063232
0.5
0.7815848588943481
0.5
0.8345010280609131
0.12990185618400574
0.7803759574890137
0.8877696990966797
0.1545010209083557
0.92708420753479
0.8554872274398804
0.8657052516937256
0.5
0.5
0.947420597076416
0.880006730556488
0.5
0.9190816879272461
0.8859217166900635
0.043588221073150635
0.9084315299987793
0.08261966705322266
0.5
0.7459337711334229
0.5
0.9985209703445435
0.5
0.1290564239025116
0.7064405679702759
0.18173834681510925
0.5
0.850387692451477
0.8115811347961426
0.5
0.930564284324646
0.8326579928398132
0.8995429277420044
0.054967403411865234
0.5
0.8204313516616821
0.5
0.7108786106109619
0.7605777382850647
0.7526739239692688
0.9612458944320679
0.05771559476852417
0.5
0.7564237117767334
0.9407875537872314
0.9212672710418701
0.11560732126235962
0.6884462833404541
0.09947863221168518
0.318320095539093
0.5
0.9999104738235474
0.5
0.5
0.9489353895187378
0.10576021671295166
0.5
0.8231484293937683
0.991142749786377
0.7526739239692688
0.2883084714412689
0.003031998872756958
0.2571890354156494
0.5
0.9957945346832275
0.833571195602417
0.08640220761299133
0.23647719621658325
0.24251368641853333
0.018864542245864868
0.9825394153594971
0.5
0.9931850433349609
0.9989348649978638
0.5
0.8083757162094116
0.5
0.5
0.6934361457824707
0.7946667075157166
0.9932966232299805
0.5
0.07654222846031189
0.9410535097122192
0.7512830495834351
0.739612340927124
0.12963682413101196
0.9048643112182617
0.17614728212356567
0.5
0.9486294388771057
0.8362764716148376
0.9927037954330444
0.828709065914154
0.5
0.07426005601882935
0.9997194409370422
0.5
0.5
0.06155127286911011
0.10138195753097534
0.9563858509063721
0.8317563533782959
0.9032718539237976
0.5
0.5
0.13136890530586243
0.8803427219390869
0.5
0.9732779860496521
0.5
0.8467162251472473
0.029286235570907593
0.9145920276641846
0.7520779967308044
0.16057875752449036
0.7656683921813965
0.7740123271942139
0.12624308466911316
0.09187036752700806
0.18313750624656677
0.7936431169509888
0.8117785453796387
0.5
0.2533586025238037
0.973930835723877
0.8337768316268921
0.08601164817810059
0.5
0.8146547675132751
0.19832104444503784
0.15831372141838074
0.939014196395874
0.07272377610206604
0.5
0.9571707248687744
0.18915686011314392
0.029955893754959106
0.5
0.989364504814148
0.8049506545066833
0.5
0.9375577569007874
0.03457081317901611
0.17342501878738403
0.8075311183929443
0.8500643968582153
0.8243210315704346
0.9335718154907227
0.9968694448471069
0.06714701652526855
0.8763022422790527
0.16905418038368225
0.770970344543457
0.09704479575157166
0.9151970148086548
0.5
0.5
0.8133587837219238
0.9339373111724854
0.5
0.5
0.741242527961731
0.1342063844203949
0.8456940054893494
0.5
0.9247992038726807
0.13283264636993408
0.9926233291625977
0.8071528673171997
0.8869015574455261
0.13378289341926575
0.012230634689331055
0.5
0.8886869549751282
0.035084933042526245
0.8621995449066162
0.9489394426345825
0.5
0.16324666142463684
0.5
0.1465214490890503
0.9795291423797607
0.9054784774780273
0.23294797539710999
0.12032154202461243
0.9882678985595703
0.8202072381973267
0.8465067148208618
0.5
0.1482432782649994
0.0970405638217926
0.7812653183937073
0.07175514101982117
0.5
0.7661523222923279
0.17060786485671997
0.5
0.8436722755432129
0.5
0.24267539381980896
0.7526739239692688
0.2722398042678833
0.8546690940856934
0.14755183458328247
0.5
0.5
0.900044322013855
0.8900967836380005
0.5
0.5
0.9805042743682861
0.7807530164718628
0.9092209935188293
0.8125
0.7526739239692688
0.9351077675819397
0.8533223271369934
0.5
0.7953431606292725
0.9077128767967224
0.2289997935295105
0.5
0.7461022734642029
0.8333175182342529
0.5
0.8782045841217041
0.03597775101661682
0.8081899881362915
0.5
0.9851365089416504
0.07644408941268921
0.5
0.11127740144729614
0.5
0.5
0.9883579015731812
0.8772038221359253
0.9985083341598511
0.8540794253349304
0.15291425585746765
0.7209823131561279
0.5
0.19823327660560608
0.5
0.24892807006835938
0.5
0.5
0.8791885375976562
0.7230224609375
0.911395788192749
0.5
0.11533945798873901
0.1418704390525818
0.20331129431724548
0.928893506526947
0.21585768461227417
0.06643766164779663
0.7627966403961182
0.9328289031982422
0.2500876188278198
0.5
0.8134129643440247
0.9957314729690552
0.07399356365203857
0.9737603664398193
0.5
0.7630175352096558
0.22314539551734924
0.0777401328086853
0.5
0.5
0.8765731453895569
0.2928222119808197
0.2324417233467102
0.5
0.5
0.7526739239692688
0.8871349096298218
0.22723370790481567
0.7943711280822754
0.5
0.8206149339675903
0.5
0.9331367015838623
0.8277844786643982
0.7661016583442688
0.5
0.8780422210693359
0.8262537121772766
0.17633220553398132
0.9269466400146484
0.9315045475959778
0.8136657476425171
0.8787549734115601
0.5
0.9440092444419861
0.9697906970977783
0.5
0.5
0.9501047134399414
0.8004255294799805
0.5
0.5
0.8243210315704346
0.10595956444740295
0.009944260120391846
0.5
0.9424879550933838
0.7404988408088684
0.5
0.27282291650772095
0.1796327531337738
0.862945020198822
0.9580869674682617
0.9303250312805176
0.9495331048965454
0.22281676530838013
0.18278905749320984
0.9493738412857056
0.8188996315002441
0.23366320133209229
0.0008428096771240234
0.795716404914856
0.18293577432632446
0.9258323907852173
0.8936227560043335
0.21898284554481506
0.7838121056556702
0.8768689632415771
0.9232702851295471
0.5
0.8042236566543579
0.9965843558311462
0.5
0.7293469905853271
0.06090247631072998
0.03992226719856262
0.9613435864448547
0.0007010400295257568
0.9991686344146729
0.7217395901679993
0.9965568780899048
0.10874950885772705
0.0920724868774414
0.09114187955856323
0.5
0.9994509220123291
0.0033727288246154785
0.9450353980064392
0.8219387531280518
0.9710657596588135
0.5
0.5
0.5
0.21902680397033691
0.5
0.05333837866783142
0.24187418818473816
0.24333375692367554
0.5
0.07129961252212524
0.9992130994796753
0.1259448230266571
0.039744287729263306
0.7526739239692688
0.951789379119873
0.9864906668663025
0.8076645135879517
0.9855711460113525
0.7493088245391846
0.7655893564224243
0.5
0.5
0.5
0.7722508907318115
0.00330314040184021
0.8386024236679077
0.7965155839920044
0.5
0.1319703459739685
0.5
0.810099720954895
0.9641053080558777
0.22563579678535461
0.5
0.5
0.11083826422691345
0.2435881793498993
0.918218731880188
0.1751691699028015
0.8822908401489258
0.879726767539978
0.9519941806793213
0.5
0.5
0.21260318160057068
0.5
0.9867857694625854
0.9881564378738403
0.5
0.944390058517456
0.8816723823547363
0.5
0.841714084148407
0.8902089595794678
0.5
0.5
0.21065449714660645
0.8722695112228394
0.9280502796173096
0.5
0.8034241199493408
0.8042799234390259
0.9719793796539307
0.5
0.042312443256378174
0.23005619645118713
0.16866126656532288
0.8675570487976074
0.9728350639343262
0.7701553106307983
0.8861023187637329
0.5
0.5
0.899308443069458
0.7526739239692688
0.5
0.18918269872665405
0.5
0.9109761714935303
0.9134156703948975
0.5
0.5
0.5
0.012262284755706787
0.9891254901885986
0.7005999088287354
0.954256534576416
0.5
0.5
0.23345962166786194
0.18402031064033508
0.19788381457328796
0.9020971059799194
0.8436722159385681
0.5
0.7878018617630005
0.8969757556915283
0.21457087993621826
0.041395604610443115
0.0744311511516571
0.9383422136306763
0.8904940485954285
0.7759158611297607
0.136479914188385
0.11049264669418335
0.9602774381637573
0.5
0.2200636863708496
0.5
0.5
0.9019618034362793
0.9668138027191162
0.9510703086853027
0.850045382976532
0.5
0.7542442083358765
0.5
0.9477118253707886
0.8342219591140747
0.7345681190490723
0.15251949429512024
0.859954833984375
0.02136826515197754
0.5
0.5
0.5
0.5
0.22596263885498047
0.8719097375869751
0.7604436874389648
0.5
0.5
0.23433274030685425
0.24135002493858337
0.803001880645752
0.21258544921875
0.19431820511817932
0.9789235591888428
0.7724607586860657
0.05221778154373169
0.7932628989219666
0.09049630165100098
0.27531883120536804
0.9992392063140869
0.9787253737449646
0.9038057327270508
0.5
0.791881263256073
0.10681107640266418
0.9173270463943481
0.5
0.9928807616233826
0.5
0.9293690919876099
0.7621356844902039
0.7364823818206787
0.7526739239692688
0.5
0.7555249333381653
0.07531708478927612
0.5
0.9995672702789307
0.901444673538208
0.9910845756530762
0.5
0.8391084671020508
0.5
0.8866626620292664
0.9574047923088074
0.8250483274459839
0.8797734975814819
0.7213244438171387
0.5
0.5
0.904896080493927
0.13171738386154175
0.5
0.01232728362083435
0.5
0.055712491273880005
0.5
0.9111963510513306
0.7730557322502136
0.7935252785682678
0.8735359907150269
0.19889625906944275
0.5
0.13191565871238708
0.8643844723701477
0.12342581152915955
0.8174901008605957
0.5
0.7469478845596313
0.5
0.9225513935089111
0.5
0.7629771828651428
0.9575560092926025
0.8585965633392334
0.5
0.7590575814247131
0.5
0.9985142946243286
0.8966994285583496
0.7300485372543335
0.7744951248168945
0.2023293375968933
0.0961291491985321
0.9727309346199036
0.5
0.8255244493484497
0.21293243765830994
0.8356384634971619
0.7676476240158081
0.5
0.5
0.8296163082122803
0.9544060230255127
0.5
0.8256020545959473
0.5
0.8275404572486877
0.5
0.5
0.14919513463974
0.5
0.5
0.7054641842842102
0.9745596647262573
0.9990042448043823
0.9998019933700562
0.5
0.906514048576355
0.1677626073360443
0.24803707003593445
0.7557051181793213
0.5
0.5
0.15729114413261414
0.9086527824401855
0.1340705156326294
0.5
0.9494182467460632
0.5
0.905733585357666
0.7212979197502136
0.5
0.07063573598861694
0.5
0.5
0.9994887113571167
0.026209533214569092
0.5
0.19179776310920715
0.8903071880340576
0.9594868421554565
0.5
0.9128678441047668
0.2119428515434265
0.08114314079284668
0.0029074251651763916
0.9477524757385254
0.18705955147743225
0.10615912079811096
0.975868821144104
0.8475227355957031
0.5
0.5
0.9940643310546875
0.5
0.5
0.5
0.005476772785186768
0.8136657476425171
0.8524073362350464
0.8993315696716309
0.5
0.9189624190330505
0.9918308854103088
0.9340658187866211
0.5
0.8941538333892822
0.1833716332912445
0.9674146175384521
0.79096519947052
0.5
0.5
0.1420494019985199
0.5
0.18015998601913452
0.5
0.054554641246795654
0.7612825036048889
0.7916365265846252
0.07113713026046753
0.7821861505508423
0.5
0.1704525351524353
0.5
0.7526739239692688
0.20314598083496094
0.948710560798645
0.7526739239692688
0.5
0.5
0.7493981719017029
0.9792826175689697
0.030908286571502686
0.5
0.2745993733406067
0.7682777643203735
0.9758550524711609
0.7187629342079163
0.9192894101142883
0.7032730579376221
0.8805652856826782
0.988693118095398
0.14588162302970886
0.8106601238250732
0.7759311199188232
0.9603086709976196
0.21201148629188538
0.817542314529419
0.8559496402740479
0.8703999519348145
0.7453415989875793
0.008415371179580688
0.8495293855667114
0.5
0.033063024282455444
0.7991122007369995
0.8058804273605347
0.7913016080856323
0.7944233417510986
0.802117109298706
0.7748188972473145
0.5
0.25137656927108765
0.5
0.959106981754303
0.7068793773651123
0.5
0.8743051290512085
0.24765178561210632
0.04413387179374695
0.7248620986938477
0.5
0.9781091809272766
0.8802236914634705
0.8928812742233276
0.5
0.9482517242431641
0.23093533515930176
0.2213142216205597
0.1098363995552063
0.7955169081687927
0.5
0.5
0.5
0.2316550612449646
0.01566830277442932
0.20909613370895386
0.9969855546951294
0.5
0.5
0.8036319017410278
0.7600696086883545
0.5
0.79399174451828
0.17851725220680237
0.9474896192550659
0.843758761882782
0.855221152305603
0.9771802425384521
0.07366713881492615
0.14651519060134888
0.7926201820373535
0.33071571588516235
0.5
0.8245831727981567
0.7617161273956299
0.8354009985923767
0.9721572995185852
0.05007737874984741
0.5
0.7592505216598511
0.7526739239692688
0.7533231973648071
0.17836743593215942
0.7732168436050415
0.7995904088020325
0.2786896824836731
0.5
0.25626692175865173
0.09079533815383911
0.15542486310005188
0.5
0.280265748500824
0.5
0.5
0.872745156288147
0.7473863363265991
0.9919732809066772
0.06270468235015869
0.11588579416275024
0.8745743036270142
0.9012343287467957
0.8407721519470215
0.7973378896713257
0.24917921423912048
0.5
0.9212556481361389
0.7360835671424866
0.5
0.9969605803489685
0.032043784856796265
0.8929158449172974
0.8833217620849609
0.5
0.9143361449241638
0.10673543810844421
0.9520366191864014
0.5
0.9130018353462219
0.0178757905960083
0.8787241578102112
0.28835564851760864
0.15110570192337036
0.993889570236206
0.5
0.8048287630081177
0.01923355460166931
0.9162459373474121
0.024621039628982544
0.691908597946167
0.9788874983787537
0.7975553274154663
0.7169814109802246
0.952011227607727
0.5
0.12101766467094421
0.8328697085380554
0.07985043525695801
0.5
0.8329861760139465
0.09486106038093567
0.7557083368301392
0.9549642205238342
0.9374275207519531
0.5
0.2403821349143982
0.1479237675666809
0.2802351713180542
0.010838985443115234
0.994150698184967
0.93170166015625
0.9954864978790283
0.763594388961792
0.5
0.5
0.9475185871124268
0.9101829528808594
0.5
0.5
0.07749518752098083
0.9305522441864014
0.7546514272689819
0.9116038084030151
0.9418067336082458
0.5
0.14621895551681519
0.8461153507232666
0.5
0.9803414344787598
0.8780373334884644
0.7963917255401611
0.004824578762054443
0.5
0.5
0.9655634164810181
0.0036676526069641113
0.07295173406600952
0.5
0.7497410774230957
0.9661245346069336
0.7156155109405518
0.21474960446357727
0.9772597551345825
0.2236776351928711
0.21835562586784363
0.18443366885185242
0.5
0.28283077478408813
0.9234622120857239
0.8846151232719421
0.5
0.00029850006103515625
0.16640055179595947
0.9157639741897583
0.8515983819961548
0.5
0.12467208504676819
0.19511130452156067
0.7526739239692688
0.9534938335418701
0.6986174583435059
0.8880475759506226
0.9999509453773499
0.779927134513855
0.6724317669868469
0.5
0.2782812714576721
0.5
0.5
0.5
0.5
0.5
0.5
0.8989697694778442
0.7813382148742676
0.5
0.949341893196106
0.6958248615264893
0.8195637464523315
0.8536996841430664
0.9948275089263916
0.8644954562187195
0.755411684513092
0.9108451008796692
0.5
0.8295576572418213
0.7455423474311829
0.14481961727142334
0.5
0.981465220451355
0.872101902961731
0.951655387878418
0.7473182082176208
0.7839577198028564
0.5
0.25121498107910156
0.7592139840126038
0.8222622871398926
0.5
0.5
0.9994633197784424
0.9803658723831177
0.5
0.5
0.9632877111434937
0.5
0.2484714686870575
0.5
0.16359034180641174
0.2090246081352234
0.9469711780548096
0.5
0.1286773383617401
0.5
0.5
0.5
0.8740146160125732
0.9117300510406494
0.061675459146499634
0.5
0.9365905523300171
0.19052180647850037
0.8603515028953552
0.8224803805351257
0.03761976957321167
0.9953806400299072
0.9343419075012207
0.9046725034713745
0.15192225575447083
0.9739899635314941
0.024120092391967773
0.7682521939277649
0.2530878186225891
0.9576904773712158
0.9981091022491455
0.05799862742424011
0.7965494394302368
0.8091405034065247
0.10117447376251221
0.9738887548446655
0.8664280772209167
0.05333718657493591
0.7366368770599365
0.04453739523887634
0.9392093420028687
0.9988448619842529
0.8250059485435486
0.5
0.8265789151191711
0.9553000330924988
0.8742951154708862
0.5
0.5
0.9891606569290161
0.5
0.5
0.20640838146209717
0.5
0.9692058563232422
0.9962141513824463
0.9958018064498901
0.990082859992981
0.9628945589065552
0.5
0.5
0.20882898569107056
0.9261274337768555
0.8206881284713745
0.5
0.9997497200965881
0.7715893983840942
0.5
0.18538597226142883
0.7355545163154602
0.9577265977859497
0.5
0.9938045740127563
0.8604389429092407
0.06728264689445496
0.7383362054824829
0.9981672167778015
0.999290943145752
0.5
0.5
0.9817246198654175
0.8107242584228516
0.5
0.5
0.1596623659133911
0.5
0.9122974872589111
0.15674960613250732
0.5
0.7175841331481934
0.9998621940612793
0.5
0.5
0.5
0.2141112983226776
0.15728893876075745
0.8243300914764404
0.8764283657073975
0.8075321316719055
0.03823021054267883
0.017867714166641235
0.1615728735923767
0.8959863185882568
0.15015122294425964
0.057931989431381226
0.7913016080856323
0.7555826902389526
0.2349931299686432
0.9997769594192505
0.2780965566635132
0.9534783363342285
0.8297152519226074
0.828016459941864
0.10397282242774963
0.10706445574760437
0.7526739239692688
0.07724612951278687
0.5
0.5
0.9534531831741333
0.9454739093780518
0.5
0.5
0.1856817603111267
0.5
0.806257963180542
0.9998862743377686
0.7806788682937622
0.7651951313018799
0.874646782875061
0.5
0.08371526002883911
0.140306293964386
0.8979647159576416
0.05775144696235657
0.5
0.7245767712593079
0.7700067758560181
0.7713688611984253
0.5
0.5
0.8622281551361084
0.9681049585342407
0.9346069097518921
0.15304815769195557
0.8187904357910156
0.980018138885498
0.9941454529762268
0.5
0.9574649333953857
0.7231311798095703
0.26374244689941406
0.5
0.07097974419593811
0.9977631568908691
0.19495540857315063
0.5
0.5
0.11937543749809265
0.7479101419448853
0.7551349997520447
0.974044144153595
0.844207763671875
0.7765105962753296
0.8499797582626343
0.5
0.941050112247467
0.9758299589157104
0.5
0.8250302076339722
0.7526739239692688
0.9633345603942871
0.5
0.9812333583831787
0.07519280910491943
0.5
0.8473854660987854
0.5
0.9121509790420532
0.5
0.8439497947692871
0.765515148639679
0.7017547488212585
0.7399996519088745
0.9254837036132812
0.5
0.8001430034637451
0.8993076086044312
0.5
0.5
0.9616813063621521
0.7391318082809448
0.7526739239692688
0.12720924615859985
0.8717396259307861
0.8435914516448975
0.781276524066925
0.003934711217880249
0.7736890316009521
0.7678191661834717
0.5
0.5
0.18725788593292236
0.9143842458724976
0.051266610622406006
0.17997878789901733
0.5
0.9905624985694885
0.9354842901229858
0.056318849325180054
0.17352992296218872
0.5
0.18912583589553833
0.8533263802528381
0.5
0.08568790555000305
0.5
0.9424245357513428
0.9987059831619263
0.14478722214698792
0.5
0.0011945366859436035
0.8455463647842407
0.2215699553489685
0.6856411099433899
0.9122824668884277
0.5
0.5
0.727286696434021
0.93511962890625
0.5
0.8012852668762207
0.8677303791046143
0.5
0.8445914387702942
0.8745743036270142
0.218563973903656
0.20361247658729553
0.7835335731506348
0.3171537220478058
0.5
0.9658946990966797
0.942772626876831
0.944019079208374
0.7975576519966125
0.16345557570457458
0.5
0.30905479192733765
0.21132144331932068
0.9649996757507324
0.5
0.8927427530288696
0.5
0.8820191621780396
0.9730758666992188
0.9994081854820251
0.5
0.7199760675430298
0.05167236924171448
0.9998084306716919
0.05173584818840027
0.5
0.9628609418869019
0.8596553802490234
0.7843779921531677
0.5
0.5
0.11261454224586487
0.246992290019989
0.9126659035682678
0.5
0.12212732434272766
0.9347153902053833
0.5
0.9475758075714111
0.06308433413505554
0.9758930206298828
0.24729859828948975
0.12976744771003723
0.8605687618255615
0.7290372252464294
0.10723182559013367
0.9961527585983276
0.5
0.18333172798156738
0.8221129775047302
0.752752423286438
0.5
0.9999641180038452
0.5
0.08612453937530518
0.19291383028030396
0.7339366674423218
0.95450758934021
0.8646225929260254
0.9569400548934937
0.5
0.20502981543540955
0.9343650341033936
0.14248481392860413
0.8589541912078857
0.5
0.9787217974662781
0.8786535263061523
0.5
0.7864654064178467
0.11873310804367065
0.9078139066696167
0.7383548617362976
0.004306912422180176
0.5
0.2553422451019287
0.8664580583572388
0.5
0.21093785762786865
0.8956396579742432
0.5
0.876975417137146
0.5
0.11769270896911621
0.5
0.8718078136444092
0.5
0.8910905718803406
0.9500930309295654
0.7806353569030762
0.9137555360794067
0.7882819771766663
0.7617720365524292
0.06934025883674622
0.14677777886390686
0.5
0.5
0.9318378567695618
0.2662949562072754
0.7021776437759399
0.7683072090148926
0.8375899195671082
0.25412043929100037
0.04551216959953308
0.1409665048122406
0.2798202335834503
0.18079984188079834
0.5
0.7751308083534241
0.7526739239692688
0.7235201597213745
0.9064286947250366
0.9950194358825684
0.7639650106430054
0.980968713760376
0.833098292350769
0.5
0.9940587282180786
0.298358678817749
0.5
0.18530133366584778
0.7433561682701111
0.9619396924972534
0.7546157836914062
0.7933542728424072
0.00891655683517456
0.009217262268066406
0.1343572437763214
0.9535233974456787
0.9622858762741089
0.15450352430343628
0.8105614185333252
0.8378577828407288
0.24719107151031494
0.9999999403953552
0.6965207457542419
0.7563483715057373
0.9999569654464722
0.1866917908191681
0.7608240842819214
0.18910852074623108
0.9985724091529846
0.8284082412719727
0.5
0.10359552502632141
0.9413129091262817
0.8752306699752808
0.982288658618927
0.5
0.8762046098709106
0.877646803855896
0.19622179865837097
0.9897555708885193
0.7699736952781677
0.5
0.1544378399848938
0.5
0.5
0.9754452109336853
0.5
0.868926465511322
0.2043655812740326
0.8926758766174316
0.8588896989822388
0.8003054857254028
0.9953896403312683
0.2536076307296753
0.7165012955665588
0.974081814289093
0.2258605659008026
0.7654424905776978
0.13305145502090454
0.817084550857544
0.7881126403808594
0.8652697205543518
0.9141280651092529
0.757964015007019
0.15308523178100586
0.5
0.9486196041107178
0.9741978049278259
0.2419542372226715
0.5
0.9793739318847656
0.8868402242660522
0.5
0.9864091873168945
0.1308680772781372
0.21818935871124268
0.2243802547454834
0.8408222198486328
0.23702102899551392
0.12235480546951294
0.08968496322631836
0.8840880393981934
0.5
0.24074998497962952
0.9672812223434448
0.9106124043464661
0.5
0.5
0.8699427843093872
0.9939761161804199
0.9517707228660583
0.07641956210136414
0.5
0.5
0.8660630583763123
0.5
0.5
0.018428057432174683
0.7903944253921509
0.5
0.0941658616065979
0.5
0.5
