0
-0.427028
0.473946
0.308527
0
-0.865126
0
0
0
0.276353
-0.589278
-0.747125
0.58509
0
-0.504555
0
0.848759
0.774187
-0.759276
0
0
0.251138
0
-0.9062
0.587249
0.699401
-0.644069
-0.940748
0
0
0
0.593203
0.927402
-0.555093
0
-0.692519
0.727228
0
0
-0.982971
0.601501
-0.464372
0
0.933219
0.472509
-0.685708
0.911609
0
0.632366
-0.629624
0
0
-0.625278
0
0.627964
0
-0.788989
-0.991875
0
-0.329803
0.811477
0
-0.805037
0.550749
-0.714949
-0.612428
0.983415
0
0
0
0.945004
0
0
-0.532918
0
0
0
-0.970133
0
0.6187
-0.743327
0
-0.430005
0.91973
0.388633
0
0
0.526772
0.755716
0
-0.370223
0
0.844566
0
-0.580618
0
0.362933
0
-0.881473
-0.893492
-0.951939
-0.589329
0
0
0.759886
0
-0.750715
-0.976146
-0.555479
0
-0.908708
0
0.937685
-0.810704
0.728845
0.901781
0
0
-0.783482
0
0.55371
-0.57725
0
0.947264
0
0
-0.555093
0.687673
0
0.729167
-0.650573
0
-0.671815
0
0
0
0
-0.906835
0.938369
0.623783
0.867757
0.823943
0
0
-0.555829
0.301353
0.622801
0
0.79684
0
-0.508312
-0.583454
-0.255674
-0.653663
0
0
-0.416828
-0.875748
0
0.364495
0
-0.694027
0
0.99694
0.674793
0
0
-0.644541
0
0.766583
0.95071
-0.546618
0
0.570383
-0.68393
0
0.556011
0
0.54921
0.956288
0
0.674762
0.800694
0
0
0
-0.450053
0.450021
0.815468
0
-0.837791
0
0
0
-0.872398
-0.764038
0.440693
0
-0.714893
0
0.832111
-0.606192
-0.664004
0
0.617166
0
0
0.340426
0
-0.892006
0
-0.50893
0
-0.948906
0.670901
0
0.835066
-0.244594
0
0.901935
0
-0.722661
0.912228
0
-0.855811
0
0
0
-0.74286
-0.829316
0.405019
0
-0.881489
0.927034
0.659165
-0.803521
0
0
-0.809985
0
0
-0.570702
0.770247
0.540985
-0.980192
0
0.974873
-0.66382
0
0
0
-0.438805
-0.615992
-0.377295
0.899445
0
0
-0.550886
0.688428
0
-0.406731
-0.610321
0.419177
0
0.960094
0
-0.731707
-0.798281
0.544137
0
0.972687
0
-0.918892
0
-0.845857
-0.795894
0.315516
0.588992
0.897822
0
-0.401816
0
0.684862
-0.281793
0
0
0
-0.913048
-0.711705
0
-0.27185
0
0
0.501874
0.824836
-0.862004
0.533303
0
0
-0.856016
0.622553
-0.812522
-0.649177
-0.609983
-0.541235
0
0
0.895203
0.323586
-0.752133
-0.374176
0
-0.784773
-0.598211
0.974388
-0.701464
0.796816
0.526708
0.842473
0.557331
-0.667706
0
0
0.597672
0
-0.429423
0
0
0.704717
0
-0.724799
-0.571214
0.309309
0.729167
0.915249
0.839191
-0.662473
-0.685105
0
0.912915
0.881956
0
0.818185
0
0
0.978532
-0.286854
0.987344
0
-0.548144
0.696657
0.653001
0.668045
0.563263
0
0.884757
0
0
0
0
-0.930282
0
0
0
-0.781079
0
0
0.721306
-0.955322
0.956296
0
0
0
0.852658
0
-0.94687
0.656648
-0.641296
-0.559608
0.945228
0
0.781915
0
0.83221
0.896024
0
-0.435786
0
0.716583
0
0
-0.532843
0.683405
-0.88405
0.248963
0
-0.729361
0.675815
-0.667826
0
0
0.694432
-0.781972
0.486455
-0.722058
-0.536614
0.339125
0
0.594728
0.696928
-0.759276
0.337857
0.916957
-0.290687
0.870569
0
-0.773392
0.575498
0.954381
-0.309351
-0.781727
0.368425
0.963419
0
0.503696
0
0.793352
-0.429798
0
-0.88175
-0.40714
-0.65894
0
0.995415
0
-0.912759
-0.397774
-0.658937
0
-0.627661
0
-0.698939
0
0.988378
-0.800469
0.342717
-0.718589
-0.803864
-0.595535
-0.262398
0
0.373299
-0.588399
-0.937493
0.299079
-0.839663
-0.354618
-0.895412
0
-0.997138
0
0.990001
0.63995
0.992522
0.687077
-0.704371
0
-0.792512
0
0
0
0.604467
-0.592153
0.943185
0.936467
0
0
-0.92857
0
0.561452
0.691336
0
0.634596
0.244922
0
0.837708
0
0.962161
-0.710776
-0.870475
-0.549184
-0.704775
0.641834
0
0.751613
0
0
-0.290039
0.597672
-0.889786
0
-0.41122
0.317153
-0.816429
0.362005
0.479339
-0.572953
0
0.621244
0
-0.557509
0.693715
0
0
-0.785732
-0.293118
0.737145
0.511879
-0.825582
0
0.854075
0
0
0
0.690258
0.377382
-0.517028
-0.825445
0
0
0
0
-0.382886
0
0.848361
0.268181
-0.697743
0.725061
0
-0.70957
0.998452
0
-0.571206
0.648737
0
-0.61968
0
0
0
-0.967937
0
0.974348
0
0
-0.306336
0
0
-0.732542
0.266362
-0.771062
0
0.786454
0
-0.345801
0.590443
0
0
0
0
0.995345
0
0.244041
0.771024
0
-0.836703
0
0
0
-0.859618
-0.833499
-0.429253
0
0
0.973313
0.824125
-0.371667
0
0.848158
0.95917
0
0
-0.844581
0.933035
0
0
0.315767
-0.536483
0.584586
0
-0.483333
0
-0.947311
0.701306
0.790241
0.785584
0
0
-0.770379
-0.986752
0
0.447407
0.38205
-0.85288
-0.536436
0
0
-0.7806
0.936766
0
0
0
0.76866
0.88077
0.856721
-0.604631
0
0
-0.433447
0.988165
-0.348323
0.531224
0
0.887233
0
0
-0.867208
0
-0.914979
0.678055
0.956368
0
-0.787449
0.936814
-0.522091
-0.597997
-0.656086
-0.28874
0
-0.518749
0
0
0
-0.733541
0.600275
0.445466
-0.638326
0.291371
-0.557016
-0.72946
-0.790191
-0.534105
0
0
0.784533
-0.691245
0.972656
0
-0.462181
-0.880606
-0.374293
-0.648871
0
0.934644
0.68668
0
0.586708
0
0.976356
-0.33315
0
0
0.914829
0
0
0.694502
-0.414895
0.594734
0.819009
0.915234
0
0.358234
0
0.930075
0
0.780726
0.770068
0.54037
-0.713591
-0.257785
0
0
-0.479139
0
0
0.637047
0
0
-0.615918
0.831151
-0.859585
0
-0.658765
0
0
0.597737
-0.655922
-0.812145
0.602214
-0.522384
0
0
-0.669909
0
0
0.511927
-0.698463
-0.963924
0.488429
-0.512463
-0.227442
0.384555
-0.629572
0
-0.924329
-0.910992
0
-0.886954
0.527244
0
0.981083
0.587675
0
0.49679
0.871931
0
0.546121
0.801753
0.952374
-0.553108
0.433933
0.98536
0
0
-0.623695
0.795472
0
0
-0.758256
0.997436
0.493103
0.834192
0
-0.402286
0
0
0
0
0
-0.620557
0
0.59554
0.413845
0.610717
-0.902616
-0.53815
0.766095
0
0
0
0
-0.495298
0.5903
0.833323
-0.773392
0
0.521184
0.667869
0.620649
0
0.472992
0
0
-0.323108
0
-0.535268
-0.454363
0
0
0
0.92972
-0.374563
-0.874567
0.481262
0
-0.764609
0.355692
-0.711651
-0.285026
0.885445
0
0
-0.321318
0
-0.349116
0
-0.618569
0.702403
0.806779
0
0.384179
-0.511082
0.748481
0
0
0.344777
0
0
-0.363761
0.860154
0
0.805122
0
0
0
-0.563672
0.409372
0.912967
0.839582
-0.919305
0
0.263879
0.732526
0.800963
0.405804
0.910178
0
0
0.746397
0
0
0
0.626875
-0.469155
-0.970084
0
0.749823
0.76389
0.331658
0
-0.831977
0.879079
0
0
0.934101
0
0.299239
0.650838
-0.368816
0
0.365346
0.626908
0
0.686451
0.336992
0.568706
0
0
0
0.313592
0
0.467345
0.700649
0.392275
-0.29008
-0.923009
0
0.572409
-0.298617
0
-0.701249
0
0.942699
0.821183
-0.511163
0
0.572155
-0.322286
0
-0.88843
0
0.586553
0.81146
0
-0.494813
0.594811
-0.939639
0.720312
0
0.674592
0.63868
-0.541039
0
0.983274
-0.316381
0
0.669048
0
0.501874
-0.698455
0
-0.818143
0
0
0.945531
-0.859031
0
0.700482
-0.862205
0.755301
0.674663
-0.770215
-0.522978
-0.518935
0.911609
0
0
0
-0.409981
0.788052
0.96896
-0.558677
-0.974886
0.401931
-0.874703
-0.62553
-0.867406
0.298007
-0.563841
0.762245
-0.695159
-0.53934
-0.388396
0.700495
-0.553947
0.624537
0
0
-0.538442
0
-0.714015
-0.864956
0
-0.752967
0
0.559669
0
0
0
0
0.603426
-0.650678
-0.837245
0
0
0
0.847582
0
0
-0.978421
-0.882117
0
0.505106
-0.694171
0
-0.884252
0
0.43389
0
0.52037
-0.503027
0
0.87738
0.651184
-0.528161
0.761065
0.97198
0
-0.278154
0.597672
-0.700667
0
-0.83577
0.458601
-0.670997
0.453169
0
0
0.47991
0.732069
-0.289328
-0.695217
0.894457
0
0
0.545259
0.497221
0
-0.678277
-0.423821
0.534354
-0.935471
0
0.42923
0
0.750663
0
-0.370198
0.526441
0.889344
0
0.619349
0
-0.987969
0
-0.712082
0.96761
0.7868
-0.627355
-0.608938
-0.331129
-0.894033
0
-0.349204
0.393379
0
-0.615439
-0.621605
0.97823
-0.460642
-0.341181
0
0
0
0.533882
-0.700663
0.906837
0.810473
0
0
-0.672238
0
0
0.840735
0.955245
-0.753382
0.776767
0
0.975097
0.656127
0.57829
0
0.944805
0.719209
0.38187
0.885591
0.350859
0.860312
0.487644
0.500647
0.937639
-0.893351
-0.603962
0.718911
0.539147
0.689195
0.612381
-0.50849
0.598718
-0.54765
0
0
-0.882267
-0.783236
-0.472575
0.483266
0
0
0
0.835112
0.737619
0.532394
-0.992143
0.633556
0
0.716473
0.848264
0.824228
0.290003
-0.524587
0.630173
0
-0.56992
0.417772
0
0
0.555873
0.911925
0
0.954186
0
0.604962
-0.878919
0.352119
0.907138
-0.860744
-0.855349
0.515417
0.632255
0.5914
0.739419
0
0.30697
-0.442495
0
0.521421
0
-0.880952
0.518977
0
-0.645955
0
0
-0.920123
0.94123
0
-0.932251
0.73974
0
0
0.231693
0
0
0
0
0
0
0
-0.908233
-0.679577
0.746183
0
0.750825
-0.800055
0
-0.55323
0
0.361473
0
0.682448
0.804827
-0.527718
0
0
0
-0.752168
-0.459337
0
0
-0.315237
0
0.759824
-0.581363
0.492967
0.921132
0
0.565715
0.629267
0
-0.566431
-0.967615
0
0.706229
0
0
0
0.849247
0
-0.824565
0
0
0.556942
-0.490672
-0.347853
0
0
0
-0.903093
-0.38612
-0.341072
0
-0.833479
0
0.489923
-0.606642
-0.602731
0
0
0
0
-0.616777
0
0.799059
0
-0.673633
0
0
0.491997
0.854828
-0.931114
0
-0.615998
0.613255
-0.654095
0.465471
0.706766
0.979036
0.659556
0.804504
0
-0.951969
0.417692
-0.846003
0.446088
-0.515225
0.479358
0.569655
-0.903598
0.641078
0
-0.93581
0
0.548146
0.523938
0
0.908982
0.389815
0
0
0
0.533171
0.604691
0
0
0
0.422693
-0.821131
0
0.361882
0.867182
-0.766772
0
0
-0.405146
0.362378
-0.898959
-0.967936
0.949387
0
0
-0.687174
0
0
0
0.33089
0.795961
0
0
0
-0.794049
0.987656
-0.334707
0
0.599612
-0.854332
0
-0.592244
0.867393
0
0
-0.729717
0.689419
0
-0.322371
0
0
0.977388
-0.465065
0
0.622365
0
0
0.614773
-0.388521
0
0
0
0.982871
0.909101
0
0.259936
0
-0.64845
0.527803
0
0
-0.991974
0
0
-0.275413
0
0
-0.6684
0.779804
-0.770548
0
0
0.637869
0
0
-0.764807
0
-0.629618
0
0.861142
0
0.916653
0
0.956447
0
0
0.940237
0.956398
0
0.29437
-0.635373
0.319344
-0.461535
-0.845596
0.943997
0
0.457561
-0.871332
0.499429
0
0
-0.421413
0
0
0.398437
-0.976699
0
0.74119
0
-0.878026
0
0.804332
0.681894
0
0
0
-0.531497
0.843912
-0.662411
0
0
-0.814556
0
-0.554522
0.690259
-0.823377
-0.759184
0
0.828183
0.476931
-0.893385
0
0
0
0
0.749073
0.997884
0
0
0.908644
0.414852
0.720305
-0.299746
-0.706633
0
0.581782
0.587062
0.8765
0
0.601445
-0.679348
0
0
0.635792
0
0.775713
-0.373808
0.68356
-0.766443
0.333523
-0.562416
0
0
0.834852
-0.723894
-0.384619
0.975973
0.343656
0
0.519889
0.556131
0
-0.908032
0
0.978535
-0.628551
0
0.709804
-0.321303
-0.549341
0
0
0.398548
-0.265437
0
0.731373
0
0
-0.453336
-0.592062
-0.850942
-0.886112
0
-0.825943
-0.62062
0.980418
-0.893961
-0.741175
0.705924
0.56016
0
0
0.465822
0.326623
0.800777
0.497766
-0.94298
0.962992
-0.942909
0
-0.444649
-0.714748
-0.737503
0.51503
0.80541
-0.362519
0
0
0
0.974262
0
0.741535
0
-0.757821
0.384104
0
0.795913
-0.866856
0.728128
0.302594
0
0.954232
0
0
-0.490609
-0.759259
0.516937
-0.642976
0.468592
0.787151
0.972162
0.618224
0.990011
-0.977538
0
0
0.833488
0.584437
0.33851
0.562899
0.64571
0
0.515228
0.901719
0
-0.865316
0
0
0
0.539274
0
0.460746
0.810317
0.986043
0.699893
0
-0.518696
-0.978717
0
0
0
-0.78821
-0.789724
-0.300772
-0.521553
-0.696088
-0.866023
0.650136
-0.88342
0
0.958978
0.776296
0
-0.934794
0
0.891973
0.429422
0.666856
0.836606
0.434811
0.970408
0
0
-0.48289
0
-0.771894
-0.95641
0
-0.486432
0.805907
0
0.504787
0
-0.896832
0
0
0
0
-0.870096
-0.75498
0
0.659523
0.58036
0.716135
0.655843
0.669288
0
0.325508
0
0.655902
0
0.357851
0.315366
0.586345
-0.90847
0
0.907297
0.511083
0
0
0.772559
0
0
0.710092
-0.826802
-0.840771
0
-0.877985
0
-0.758949
0.406992
-0.290031
0.559294
0.867283
-0.948319
0
-0.926462
-0.714079
0
0
-0.294946
0
0
0.570418
0
0
0
0.786629
0.87374
-0.312244
0
0
0
-0.478708
0
0.966994
0
0
-0.932263
-0.653016
0.489992
0
0.950548
0.863628
0
-0.736359
0
-0.51391
-0.868916
0.357611
0.772934
0.496683
-0.405927
0.374849
0.77502
0
0.966682
0
0.922454
0
0.613218
-0.788559
0
-0.601759
0.631679
0.614917
0
0
0.840531
-0.589925
0
0
-0.846781
0
0
0
0.28529
-0.621998
-0.90457
0
0
0.79961
0.585701
0
0
0
0.766545
0
0
0
0
-0.809348
-0.714367
0
0
0
-0.862543
0.532394
0
0
0
-0.722899
0
0.370618
0
0.662698
-0.979799
0
-0.339589
0.640611
-0.845213
0
0
0
0.79965
0.987844
0
0
-0.710567
-0.544614
-0.781593
-0.781692
0.85388
-0.434535
-0.363796
0
-0.55758
0.344601
0
0
0
-0.499519
-0.803544
0.842211
0
0
0
0
0.60505
-0.775132
0
0
-0.940072
-0.571439
0
0
0
0
0
0
-0.514856
0
-0.255307
-0.829755
0
0.809736
0.480682
0.776919
-0.533828
-0.760667
0
0
0
0
-0.733383
0.93855
0.524448
0
0.621717
0
0
-0.839345
0
0.695609
0.79659
-0.479265
0
-0.448332
0
0
0
0
0
0.597681
0
0
0
0.530366
0
-0.873841
-0.71107
-0.450427
0
-0.843968
0
0.452755
0
0.319559
0
-0.754495
0.855553
-0.472558
0
-0.701406
-0.255306
0
0
-0.568104
0.852502
0
-0.547457
0.492718
-0.295855
0
0.655855
-0.416927
0.595603
-0.480362
-0.832587
-0.969939
0.989341
0.593695
0
-0.606448
-0.810966
-0.86843
-0.850981
0
0.44781
-0.852228
0
0.955019
-0.95808
-0.415051
0.815702
0
0.964566
0.363656
-0.914148
0.521769
0.752398
0
0.412813
-0.261929
0.942497
0
0
0
0
0
0
0
0
0.746568
0.601838
-0.833794
0
0.936369
0
0.809205
0
0
0
0
-0.577127
0
0
-0.529616
0
0
-0.908213
0.32047
0
-0.931443
-0.916609
0
0.910579
0.697599
0.801415
0.528292
0
-0.809639
0.58768
0
0
0
-0.383368
-0.542157
-0.639526
0.972095
0
0.292475
-0.789448
0.921132
-0.646578
0
0.452446
0.516515
0.984917
0.371975
-0.593878
0.696573
0.503176
0
-0.426779
-0.505629
0
-0.832372
0.423219
0
0.589226
-0.676897
-0.319586
0
-0.422014
0
0.643935
-0.493931
-0.848679
0.871575
-0.504399
-0.693142
0
-0.545881
0
0
0.736169
0.355037
0.484465
0
0
0
0.837749
0
0
-0.88033
-0.361314
-0.255306
0
0.613302
0
0
0.677481
0
-0.854235
-0.492863
-0.650368
0
0
-0.403232
0.750089
0.388341
0.69996
0
0
0
0.870148
0.620529
0.717479
0.617656
0.913345
0.963855
-0.745304
-0.526208
0
0.747896
0
0
-0.925486
-0.487775
0.499948
0.406976
0
0
0.426027
0
-0.759935
0.965591
0
0.613895
0.890477
0.835445
0.965825
0.890435
0.390201
0.365097
0
0.53957
0
0
0.656944
0
0
0.948921
0.786945
0.741589
0.564528
0.578973
0.287986
0.749238
0
-0.706457
0.946705
0.549665
0
0.84601
0
0
-0.682907
0.751107
0
0
0
0
0
0
0
0
0.664984
0
0
0
0.451918
-0.988985
0
-0.749771
0.688306
-0.287426
0.922456
-0.600684
0
0.940535
-0.453851
0.645322
0.530502
0
-0.86717
0
0
0
-0.8745
0
0
0
-0.499736
0.556959
-0.294404
0
0
-0.759922
0.509017
0.765558
0.392291
0.65242
-0.74766
0.839523
0
-0.723118
-0.682266
0.31685
0.716206
0
0
0.762898
-0.521562
0
0.620233
0.728119
0.46278
-0.588332
0.668411
0
0
0
0.813809
-0.772209
-0.608801
0
0.82394
-0.490114
-0.761328
0
-0.856117
0
0.44356
0
0
-0.51458
0
-0.647659
-0.503147
0.491169
0
-0.540503
0.485518
0
-0.747351
0.508771
0.980575
0.644297
0
0
0.384082
0
0.352256
0
0.483298
0.781509
0.549839
0.774047
0.33441
0.306039
0
0.293229
-0.688241
0.779586
-0.743141
0.653531
0.84298
0.348512
0.433017
0.919526
0.560396
-0.85233
0
0
0
0.94095
-0.912424
-0.671789
0
-0.70873
0
0.28841
0.480442
0.9721
0.852552
0.598872
-0.540532
0
0.878751
0.335828
-0.723198
-0.944854
0.753542
0
0.557893
0
0
-0.440729
0
-0.927971
0.942824
0.762531
-0.64007
0
0.934607
0.56112
-0.587543
0
-0.809639
0.686404
0.839503
0.952957
-0.520075
0
0
-0.793079
-0.53117
0.968396
-0.534348
0
-0.738375
0.599249
0.387001
0.407008
0.861969
-0.689235
0
-0.903484
0
0
0.523561
-0.322771
-0.496225
-0.855873
0.759594
0
0
0
0
0
-0.714748
-0.961874
-0.618338
0.403776
0.789767
0
-0.827028
0.762245
0.987908
0.778765
0
0
0.537399
-0.696801
0.297337
0.410706
0.47077
0.972493
-0.557628
-0.954859
0.633704
-0.833758
0.549677
0.57469
0.643402
-0.311268
0.968449
0
-0.299955
0
0
0
0
0
0
0
0.52257
-0.802508
0.94324
-0.787405
0
0
-0.836502
0.976898
-0.84525
0.882216
0.337273
0.400176
0.956649
-0.56241
0
0
0
0.860269
0
-0.864174
0
0
-0.47532
0
0
-0.984662
0
0.98941
0
0
0
0
0
0
0.790655
0
0.936921
0.959584
0.804435
-0.809312
0.884646
0
-0.512575
0
-0.576294
0.924249
0.555924
0.339653
0.294257
0
0.340237
0
0.628898
0.822992
-0.292527
-0.579894
0
0.961467
0.522841
-0.90318
0
-0.975011
0
-0.256831
0.782916
0.749807
0
0.985676
0.865725
0.560845
0.951545
0.795384
-0.585573
0.600189
0.992689
0
0.616284
0
0.732685
-0.653726
0
-0.284007
-0.520424
0
-0.403938
0
0
0
0.755225
0.54556
0
0
-0.617156
-0.429188
0
0.782128
0
-0.411233
0
0
-0.709732
0
0.913688
0
0
0
-0.984391
0
-0.803785
0
0.657131
0.918779
0.764784
0
0.601806
0.30486
0.393235
0
0.954873
0.903655
0.742437
0.577091
0.8551
-0.626604
-0.788151
0
-0.662616
-0.940234
0
0.524464
0
0
-0.874301
0.418137
-0.474267
0
0.894746
0.53007
0
0
0
0.390343
-0.843255
0
0.703647
0.926347
0
0.899043
0
0.711388
0.845032
0
-0.382697
0
0.723698
0.833201
-0.704957
0.725996
0
0
0
-0.561662
0.898235
0
0
0.838651
0
0.510412
0
0.523015
0.788729
0
0
0
0
-0.544318
0.804176
0
0
0.604829
0.725773
0.957479
0.397099
0
0
0
0.9742
0
0.842483
-0.579704
-0.791632
0.516798
-0.332836
0.292483
0
0
0
0
0.946166
0
0
0
0.978391
-0.352038
0.927299
0
-0.433531
0
-0.473101
-0.458486
0
0
-0.66467
0.617237
-0.804582
-0.317622
0.365074
0
0.605321
0.70671
-0.593415
0
-0.259456
0.992598
0.872229
-0.384658
0.454168
0.635254
-0.480445
-0.410429
0.786879
0.457921
-0.908357
0.584109
0.545395
0.824797
0.617173
-0.698733
-0.672995
-0.423291
0.583082
0.351334
0.729409
0.98289
0.391623
-0.356956
0
0
0
0
0
0.766413
0
-0.547965
0
0
0.933316
-0.759273
0
-0.802087
0.556493
0
0
0
0.328755
0.653555
0
0
-0.923553
0
0.982914
0.551259
0
0.982666
0
0.429578
0
-0.940641
0
0.99484
0
0.678375
0.344506
0.767273
0
0
0
0.951486
0.973068
0.938666
0
0
0
0
-0.39863
0.605732
-0.426131
-0.420496
0
0.609625
0.2525
0
0
0
0.417596
0
0
0.295985
0
0.737408
0
-0.7542
0.649918
0
0
-0.787164
0
0.848672
0.397256
0.256883
0.697929
-0.980373
0.394555
0
-0.746838
0
0
0
0.78996
-0.412864
0
0.682562
0
0.262987
0
0
0.830232
0
-0.72452
0.599337
-0.35841
0
0.683537
0
0.475638
0.78196
0.62725
0
0
-0.854708
0
-0.837483
0.686811
0
-0.5712
-0.344537
0
0
0
-0.444087
0
0.29247
-0.485371
0
0.750697
0
-0.557201
0.849906
0.952925
-0.87039
-0.400183
0.420963
0.71112
0
0.334845
0.619094
0.672645
0
0
0.471654
-0.395487
-0.270788
0
-0.930735
0
0.918041
-0.696826
0.818299
-0.295864
-0.74648
0
-0.621964
0
0.411521
-0.883355
0
0.668186
0
-0.234578
0.768027
0.942808
-0.719495
0
0
-0.570275
0
0.988728
0.413215
0
-0.529447
0.662755
0
0.518779
0.256274
0.410225
0.745061
0.951392
-0.688717
0
-0.772987
-0.500431
-0.58943
0.331233
0.975922
0
0.953803
-0.858425
0
0.983738
0.927609
0
-0.377699
0
0.554588
0
0.451318
0.585327
0
0
0.637783
-0.789463
0.925676
0.593125
-0.709056
0
0.82657
-0.704394
0.974517
-0.700198
0.691737
0.774929
0
0.590768
0
-0.434475
0
-0.421591
0
0
0.492355
-0.275263
-0.488865
0
-0.29524
0
0.982439
0
0.921966
-0.575364
0
0.619467
0
-0.721679
-0.521235
0.980932
-0.731327
0.9584
-0.443629
-0.640996
0
0
0
0.446767
0
0
0
0.943083
-0.506804
-0.544566
-0.459994
0.984322
0.604473
0.938585
-0.656657
-0.871793
0
0
0
-0.968502
0
0.299261
0.836105
-0.524788
-0.691591
0
-0.677277
0.450019
0.479523
0.898338
0.257676
0
0.61541
0
0.955494
0.61165
0
0
0
0.51531
0
0.616781
0.284159
-0.560028
-0.705543
0
-0.914658
0.682462
0.767839
0
-0.748924
-0.844092
-0.905992
0
0
0
0
0
0
-0.770389
0
0.812208
0
0
0
0
-0.859001
0.833314
0.645419
-0.483543
0.520736
0.385913
0
-0.421788
0.924832
0.651028
0.972385
0
-0.548224
-0.903931
0
0.472108
0
0.513768
-0.597644
0.489955
0
0
0.55973
-0.408402
0.761651
0.709607
0
0
0
0.722928
-0.509211
0.581352
0.832249
-0.645071
-0.235134
-0.840717
0
0
0.569983
0.506476
0
0.480701
0
-0.45939
0
-0.60822
-0.536603
0.783202
0
0.831412
0
0
0.937359
-0.377617
0
-0.945365
0.365151
-0.460314
0.886302
0.402455
-0.664387
0.71983
0.771336
-0.739204
0.881715
0.779043
0
-0.316764
0
0.274406
0.714837
-0.426518
0
0.293093
-0.562539
0.88337
0.543386
0.438798
-0.284472
0.61889
-0.791507
0
-0.655228
-0.835001
0
0.529797
0
-0.478513
0
0.587524
0.727335
0
0.558095
0
-0.853879
0.799848
0
0
0.656544
0
0
-0.755487
-0.869486
0
0
0.786879
-0.686219
0.66001
0
0.863311
0
-0.871025
0.728283
0
0
0.949528
0.479779
-0.769735
0
0
0
0.42534
0
-0.726716
0
0
0
0.94242
0.776106
0
0
0
0
0.901245
-0.435223
0
-0.900459
0.812558
-0.763822
-0.551634
0.409311
-0.831099
0
0.912482
0.359541
-0.77445
0
0
0
-0.82764
0
0
0
0
0
0.732433
0.914421
0.25906
0
-0.552879
0
0
0.969839
0.674541
0.293809
0
0
0
0.966302
0
-0.91805
0
0
0
0
0
-0.765357
0.542134
0.389014
0
-0.262123
0
-0.624004
0
0.590768
0
0.743298
-0.611719
-0.682889
0
0
-0.461535
0
0
0.978205
0
0.509161
0
-0.514764
0.629525
0.878857
-0.679612
0.934604
0
0.908698
0
0.752858
0
0
0.281678
0.895882
0
0
0.68268
-0.32411
-0.45475
0.695607
0
0
-0.735009
0
0.366802
0
0
0.359824
-0.761029
0.587524
-0.673107
0.569746
0
0
-0.384183
0
0.896729
0.76082
-0.415134
-0.607033
0
0
-0.242229
0
0
0.669034
0
0
0.495317
0
-0.68118
-0.630515
0
0
0.689198
-0.848102
0.691322
0
0.432034
0
0.709929
0.650651
0.983154
0
-0.676601
0.824896
-0.893686
0
0
-0.753257
0.851726
-0.808094
0
-0.674651
0.520226
0.943148
-0.487188
-0.414797
-0.482934
0
-0.865938
0.868367
0.927753
0.642255
-0.698854
0
0
0.941806
0.927199
0.786879
-0.753418
0.853671
0
0.573931
0
0
0
0
0.670818
0
-0.268978
0
0.320814
0.952001
0
0
-0.307471
0
-0.952935
0.706135
0.500124
-0.627937
0.662609
-0.454589
0
0
0.587358
0
0.596659
0
-0.545508
0
0
0
0
0
0
0
0.866754
0.857709
0
0.776106
0.556198
0.598372
0
0
-0.669502
0.668628
0.840304
0.929512
0.925539
0.44011
-0.281154
0
0
0
0.729101
-0.691136
-0.576816
0.824269
0.964188
0
0.846921
0
0.43652
0.915812
-0.546904
0.649734
-0.553071
-0.248921
0
0
0
-0.86554
-0.757877
-0.743073
-0.456027
0.551553
-0.541684
-0.902752
0.683802
0.990735
0
0.97145
0
0
0
0
0.2904
0.822681
-0.786848
0
0.734348
0
0
0
0
0
0.543444
-0.877155
0
0
0.395348
0
0
-0.679301
0
0
0.942757
0
0
0.990571
0.505326
0
0
0
0.965633
0.547092
-0.77397
-0.648497
-0.533701
0
0.825306
-0.478348
0
0.64535
0.989676
0
0.828637
-0.803623
0
0
0.58141
-0.672376
-0.874348
0
0
0.249831
-0.647801
0.444681
0
0
0
0.715947
-0.552879
-0.618606
-0.592698
0
0.3955
0.864051
0.781182
0.783288
0
0
-0.781442
-0.394196
-0.398175
-0.639561
0
-0.400865
0
0
0.906745
0
0.426402
0
0
0
0.83428
0.96768
0.660912
-0.690437
-0.552879
0.863452
0
0
-0.562871
-0.339022
0.343695
0.983355
0
0.483309
0.414731
0
0.332395
0.836317
0.966684
0
0
0.535386
0
0
0.987047
0.539778
0
-0.405806
0.776521
0.837759
0.844234
0
0
-0.609504
0.381921
0
0
-0.589655
0.820409
0.512637
0
0
0.549059
0.284119
0
0.836666
0.538669
0
0.84875
0.474379
-0.382722
0
-0.677277
0
0
0
-0.97054
0
0.416442
0.415896
-0.897865
0.668007
0.960775
0.770789
0.906247
0.52557
0.990736
0
0.541433
0
0.535361
0
-0.874767
0
-0.782015
0
0.933057
-0.837367
0
0
0.626354
0
-0.482838
0
0.834613
0
0
0
0.814808
0
-0.420913
-0.553071
0.819637
-0.740346
0
0
0
0
0
0
0
0.298511
-0.669152
0
0
-0.428242
0.428075
-0.759058
-0.598265
0.354986
0
0
0
0.937375
0
0.832458
0
0.415623
0
0.694713
0
0
0
0.583609
-0.552258
-0.904005
-0.518627
0.306196
0
0
0
0.344646
0
0.980711
0
-0.6407
0
0.432488
0
-0.426988
-0.579223
0.556909
0
-0.938721
0
0.43132
0.632544
0
-0.451115
0
0.463903
-0.325555
0.74417
0.547477
0.495414
0.309748
-0.657197
0
0
0.409142
0.924468
0
-0.572683
0
0
0
0.668032
-0.83481
-0.888454
0.884586
0
0.820486
0.620115
0.477532
0.946114
0.896024
0.662485
-0.606857
-0.760097
0
0
0
0
0
0.303735
0.595025
0
0
0
0.277249
0.857291
-0.649594
0
0
0.306224
0
0
0
0
0.596809
-0.535889
-0.652125
-0.899677
0.781901
0
0
-0.668736
-0.792804
-0.518893
-0.662466
0
0
0.628755
0
0.370523
0.604141
0.590768
-0.625514
0.79259
0.74909
0
-0.911438
-0.303719
0.949364
0
0.445434
0.521429
0
-0.646596
0
0
-0.462234
0.497554
0.687504
-0.560792
0.632333
0.715076
0
-0.926971
0
-0.281572
-0.467198
0.883835
0.776428
-0.801783
0.942962
0
0
0
0.682281
-0.370163
0.556265
-0.456134
0
0
0
0.254352
0
-0.624914
0
-0.470989
0.5536
0.788091
0
0.934809
0
0
-0.586289
0.992003
0
0
0
0
0.619623
-0.401451
0
-0.689431
0
-0.987366
0.257191
0
-0.566095
-0.670283
0.86206
0.930973
0
-0.837592
0
-0.770141
0
0.646472
0.959101
-0.446852
0.961116
0.70028
0
0.723883
-0.417287
0
0
0.836118
-0.899726
0
-0.923801
-0.37747
0.791394
0
0
0
0
-0.770122
-0.317659
-0.919829
0
-0.478131
0
0
0
0.901926
0
0
-0.751668
0.697802
-0.502059
0.813223
0
0.520521
0.629727
0.625069
0
0
-0.446756
0
0
-0.815154
0
-0.495643
0
0.617707
0
0
0
0.968337
0.749292
0.904792
-0.575708
0.981034
0
0
0
0
0.627444
0
-0.474483
-0.975229
-0.421942
-0.39525
-0.626402
0
0
-0.330221
0.930973
0.977464
-0.681644
0
0
-0.698805
0
-0.570887
-0.874999
0
-0.460491
-0.726685
-0.893046
0.964533
-0.612209
0
0.800719
0
0.243074
0
-0.683667
0.821557
0
0.38942
0
0.882581
0
0.740742
0
-0.534323
0
0.533549
0.397006
0
-0.459928
-0.533555
0
0
-0.577386
0
-0.859033
-0.833834
0.539804
0.820955
-0.52837
0
0
0
-0.790967
0
-0.608111
-0.696594
-0.840788
0
-0.460917
0
0
-0.637019
-0.444603
0.912502
0.585157
-0.670044
0.746964
0
0
0.554614
0
0
-0.543489
0.36239
0
0.769614
-0.746735
0.485135
0
0
0
0
-0.541938
-0.361339
0.677442
0.714913
-0.754319
0
0.809823
0.769614
0.61896
0.614037
0.978744
-0.710773
-0.503379
0.850109
0
-0.588661
0
0.410652
0.449813
-0.853801
0.704275
-0.819751
-0.571168
-0.646314
-0.273156
-0.646586
0.797622
0
0
0
0.97326
0.478942
0
0.79829
-0.400599
0
0
0.879066
-0.725398
-0.831221
-0.672359
0.972103
-0.395271
0.605835
0
0.582828
0.883923
0.819617
0.609647
-0.560222
0.57965
0.442494
0
0
0.86603
0
-0.603489
0
0
0
-0.831221
0
-0.775796
0.543036
0.974968
0
0.988219
-0.620084
0.829399
-0.502059
0
0.951078
0
0
-0.802655
-0.885459
0.307781
-0.694999
0.659308
-0.384905
-0.563971
0
0.508776
0.519133
-0.985369
0.381067
-0.63576
0
0
-0.898959
0.905247
0.908363
-0.858338
0.964035
-0.967429
0.966801
-0.756998
0.970641
0.820955
0
0.992992
0
-0.778733
-0.572788
0
0.818882
0
-0.459928
0
0.792855
0.961314
0.935794
-0.918559
0.543394
0.40072
0.832616
-0.919906
0.731373
0
0
0.837491
0.667786
-0.612757
-0.579375
0
0
0.793599
-0.682585
-0.834651
-0.37653
-0.465503
0.565439
0.461363
-0.569313
0.616432
-0.856797
0
0
-0.324798
0.322817
-0.782554
0
-0.440494
0.503462
0
-0.360664
-0.959912
0
0.630245
-0.638852
0.878765
-0.739442
0
0.715709
0.912057
0.954912
-0.915966
0
0
0.723899
0
0.278178
0.913322
0
0
-0.777459
0
0.777406
0
-0.717973
0.603661
0
0.550901
0
0
-0.521986
0.897995
-0.697684
-0.951218
0
0
-0.775194
0.786351
0.975508
0.4247
0.91587
-0.809732
0.602674
0
0.575948
-0.502379
0.973035
0.962069
0
0
0
0
0
0
0.568883
0
-0.694073
0
0
0
0
0.573959
0
0.716852
0
0.586148
0.844969
0.371101
-0.51805
-0.540894
-0.886437
0.480855
0.954328
0
0
-0.490479
0.607693
0
-0.955187
0
0.871868
-0.417899
0.908418
0
0.641856
0.890291
0
0.991405
0.890697
-0.777165
-0.881241
-0.792028
-0.847491
0.658331
0
0.980481
0
0
-0.982116
-0.799956
0
0.953805
0.505761
0.540717
0
0.315775
-0.844128
-0.758192
0
-0.920414
-0.886959
0.901032
-0.775567
0
0
0.984423
-0.590383
0.995109
0
-0.597015
0.489611
0
0
0
0.56411
0.602031
0
-0.770122
0
0
-0.937454
0.805732
0
0
-0.384995
-0.853667
0
0
-0.719535
0
0.514725
0.36239
0.908443
0.908919
0
0.532609
0.986034
0.794088
0
0
0
0
0.989099
0
-0.517967
0
0
-0.576749
0.711814
0.849429
0.388684
0.98715
0.690241
0
0.940462
-0.817083
0.549211
0.908822
0.480168
0
0
0
-0.889146
-0.814644
0
0
0.307565
0.816135
-0.470175
0.890294
0
0
-0.766257
0
0.724653
-0.506999
0.560156
0.638729
-0.719195
-0.539556
-0.659482
0
0.924676
-0.379236
0.301145
0.636968
-0.354624
0
0.437898
0.723624
0.605015
0
-0.536263
-0.848858
-0.722457
-0.866944
-0.637019
0
0.839424
-0.565018
-0.882165
-0.666675
0.869285
0.284383
-0.558377
0.700549
0
-0.878604
0.841943
0
0.760174
-0.721249
0.991604
0.83944
0
-0.909625
-0.729392
0
0.7131
0
0.952185
0
0
0
-0.513882
-0.6919
0.346814
-0.830216
0.695151
-0.599567
-0.789142
0
0
-0.540315
0
-0.87265
0
0
-0.839759
0
0
-0.348381
0
0.867174
0.864071
-0.561503
0
0.543292
0.739215
0.990943
0.938747
0.505761
0
-0.452125
-0.89662
0.445208
0
0
-0.908888
0.641378
0.844901
0
-0.895374
0.51392
0
0.44292
-0.846163
-0.687253
0.571223
0
0.700549
-0.976773
-0.847916
-0.979944
-0.892801
-0.914782
-0.642744
0.689319
-0.748815
-0.602799
0
-0.519775
0.819895
0.317096
0
0
0.425929
0.90906
-0.639769
-0.543163
0.450848
0.445344
0
-0.482101
-0.980047
0
-0.438147
0
0
0.920933
0
-0.686914
0
0
-0.919829
0
0.600309
-0.426187
0
-0.725109
0
0.843348
-0.97107
0
0.746577
0.669676
0.683581
0.486988
0.608474
0
0.664294
0.754127
-0.742508
0.872455
0.505149
0
-0.640563
0.878934
0
0.952478
0
0.920471
0.981314
0.919009
0
0.382409
-0.781677
0.98443
0
0
0
0.965799
-0.850794
0.300005
0
0.534943
-0.551819
0
0.842306
0.766686
0
0.707413
0
0.979837
-0.960133
0
-0.899897
0.550429
0
0.546436
0
0.500297
0
0.81131
-0.600773
-0.281609
0.73891
0.5851
0
0.902748
0.975711
0
0.68738
0.347974
0.756755
0.969922
0.91311
0
0.483654
-0.65182
0.568448
0
0
-0.503379
0
-0.793289
-0.947863
0.962257
-0.589725
-0.446772
-0.969032
0.772124
0.746125
0.432451
0
0
0
-0.781609
0.878064
0.685042
0
0.94825
0
0.78667
-0.479629
-0.909811
0.535794
0
0.605094
-0.915195
0.417467
-0.700397
0
0.856036
0.871982
0
0.406778
0
0.664611
0
0.89726
0.947755
0.628963
0
0
0.68279
0.392381
-0.565109
-0.667526
0
0.947749
0
0.633013
0
-0.986515
-0.659901
-0.436105
0.922814
0.967313
-0.666846
0.288962
0.67505
-0.931447
0.392994
0
-0.235845
0
0
0.983669
0.581111
-0.352285
0.53463
-0.927125
0.932913
0
-0.917211
0
0
0.816499
-0.667526
0.948565
0.590408
-0.828366
0
0.960367
0
0.537599
0.522911
0
0
0.289501
0.975813
0.709584
0
0.512975
0.900155
0.501504
-0.765517
0
0
-0.27065
0
-0.626045
0.344679
0
0.762772
0
0.992529
-0.543804
-0.80363
0
0
0.504311
-0.830905
0.861291
0.851225
-0.363958
0
0
0.918804
0.631295
0
0.506912
0.707118
0.710148
0
0
-0.89865
-0.898085
0
0
0.594989
0.684053
0.247449
0.773615
-0.496924
-0.743102
0
0.875728
0.915671
0
0.80571
0.547569
0.483131
0
0.98282
-0.678519
0
-0.460535
0.945712
-0.975771
0
0
-0.423311
0.941444
0.748883
0
0.549891
0
0
-0.257375
0
0.483784
0
-0.318675
0
0.868028
0.982068
0.886239
0
0.480847
0.968028
0
0.390543
0
-0.825524
-0.739249
-0.768473
-0.951702
0
0.579417
0.955496
0.711361
0
0
0
0.869156
0.731845
0.759506
0.673688
0.527016
-0.369812
0
0
0
-0.890261
0.691512
0.984738
-0.582179
0
-0.453495
0
-0.273933
0
0.791053
0.864088
0.985309
0.527515
0.60355
0
0
0
0
0.752509
0
0.895303
0
0
0
0.361155
0
0
0.981846
0
-0.710158
0
0
0
-0.676798
0
0
0.545695
0.785868
0
0
0.340423
0.65083
0.672088
0.826297
0
0
0
0.454021
0
0.5296
-0.967362
-0.483905
-0.663672
0
-0.256433
-0.840034
-0.992732
0.911671
0.99729
0
0
0
0
0.511302
0
0
0.491881
0.932486
0.865595
0.823891
0.371075
-0.944879
0.643309
0
0.466358
0.552924
0
-0.450274
-0.734439
-0.820055
0.601348
0.721747
0
-0.474661
-0.757067
0.975038
0.327586
0
0.38278
0.819617
0.508396
0.308447
-0.96758
0.593831
-0.828589
0.964581
0
0.714658
-0.615061
-0.547992
0.970481
0
0
0.853898
0
-0.830905
0.335195
0.905838
0
0
0
-0.711938
0.508121
0
-0.453495
0.97531
-0.407832
-0.356845
0
-0.321682
-0.645385
0.724978
0.5851
0
-0.343529
0
-0.851958
0.951805
0.367911
0.930193
0
0.467681
0
0.792627
-0.661738
0
0
0
0
0
0.922814
-0.991858
0.691512
0
0
-0.334657
0
-0.601639
0
0.324525
-0.978554
-0.892892
0.991089
0
0.406976
-0.843213
0.862232
0
0.420336
-0.734913
-0.849125
0
0
0.889945
0
0
0.982293
0.861931
0
-0.455852
-0.849594
0.396087
-0.870308
0
0
0.915397
0.323257
0.375947
0.477256
-0.605731
0.808838
0.701574
-0.3774
0
0.661019
0.929364
-0.86297
-0.833971
0
0.512975
0
0.917299
-0.784415
0
0
0
0.954065
-0.641676
0.808831
-0.598504
0.800131
-0.804136
0
0.622847
-0.39142
-0.801093
-0.51858
0.547818
0
0.833241
0.341493
-0.669113
-0.44897
0.670646
0
0
0.596067
0
0
0
-0.90365
0.657737
0.484623
0.788313
-0.910518
0
0
0.855486
0
-0.417602
0.749929
0.935334
-0.414458
0.700862
0.79539
-0.818063
-0.878845
-0.679719
0
-0.667783
0
0
0
-0.878217
0.585975
0.578581
-0.598426
0.626364
0.546194
0.414344
0.511579
0.89726
0.418387
-0.896307
0.449062
0
0.671422
0.78128
0.830915
0.67314
0.380486
-0.34509
-0.749951
0.813496
0.480613
0
-0.905671
0.958224
0.304262
0.865595
0.47238
0.915673
0.617037
-0.968511
0.400013
-0.72005
-0.923662
0.96399
0.598915
0.938508
0
0.926071
-0.955347
0.635805
0.930384
0.449458
0.547818
0.803013
0
0
-0.519796
-0.576738
0.429582
-0.855844
0
0.991825
0
0
-0.685527
-0.327336
0.880504
0.555031
0.975978
-0.732781
-0.35917
-0.505708
0
0.761279
-0.533494
-0.863455
0.923114
-0.457841
-0.828366
0.562181
0
0
0
0
0
0.998719
-0.80699
0.729372
0.962715
0.840355
-0.250068
0
0.739948
0.88993
0.969416
0
0.67592
0.688391
0.87576
0.763273
0
0
0.607323
0.930193
-0.784145
0.925931
-0.946841
0
0.926767
0
-0.312793
-0.69847
0.256769
-0.843564
0.371648
0
0
0.678863
0.467141
0.671422
0
0.909808
-0.627443
0.756685
0
0
0.40916
0.52681
0
-0.486742
0.674931
0.423911
0.976061
-0.876817
0.440317
0
0
-0.979772
-0.733284
0.574397
0
0
-0.783458
0
0.996121
-0.814644
0.971429
0.59198
0.866327
0
0
0.455284
-0.714996
0.996647
0.97503
0
-0.395502
0.47019
-0.876172
-0.598396
-0.77218
0
0.840113
-0.755445
0.700277
0.400358
0.924995
0
-0.689807
0.983444
0.654648
-0.38993
0.803986
0
0.592686
-0.559226
0
0.707831
0.751054
-0.724961
0.702596
-0.410033
-0.772948
-0.947654
-0.789337
0
0
0
0.417083
-0.448675
0.928592
0
-0.807601
0
-0.549567
0.921125
0
0.771682
0.761643
0.917967
-0.429115
-0.921227
-0.708782
0.950814
0
-0.464586
-0.440859
0
-0.625022
-0.262252
0.886944
0
0
0
0.310158
0.869492
0.837665
0
-0.590149
-0.732116
0
0
0
0
-0.406362
-0.931648
-0.927751
0
0.464379
0.997461
0.836248
0.498483
0
0
0
0
0
0
0
0
0
0.533267
0
0
0.321927
0.694838
0
0
0.916881
0
0
0
0
0
-0.878925
-0.939293
-0.87144
0.805091
0
-0.284912
0
0
-0.423899
0.964194
0.928925
-0.938373
0
0.681485
-0.333051
0
0
0.627858
-0.546004
0.539613
-0.884289
0
0
-0.911623
0.524711
0
0.944222
0.71035
0.39044
0.835601
0
-0.863774
0.726909
0
0
0
0
0
0
0
0
0.645078
0.363065
0
-0.230333
0.650707
-0.343279
0.700161
0.793558
0.831961
-0.323025
0
0
0.902929
0.945948
0.466384
0.422949
0
0.822957
0
0.443066
-0.756273
-0.625668
-0.702127
0.767495
-0.673501
0.865096
0
0
0
-0.974529
0.398096
0
0.9407
-0.446076
0
0
0.665479
0
-0.737115
0
-0.353147
0
0
0
0
0.341897
-0.805938
0.513702
0.803506
0
0
0
0
0.525019
0
0
0.785559
-0.895785
-0.903674
0
0.737904
0.911435
-0.932419
0
0
0
-0.742147
0.954578
0.935967
0.992226
0.9838
-0.914053
0.817849
0.965118
0.996489
-0.283726
0
0
-0.387053
0
0
-0.641075
-0.855386
-0.540985
0
-0.912842
-0.62795
0
0.386525
0
0.985114
-0.391684
0.428887
0
0.470762
0.592252
-0.401902
0
-0.73882
-0.621275
-0.61477
0.806037
-0.950031
0
0.808955
-0.448252
-0.814345
-0.729207
0.773117
0.487694
-0.544791
0.945767
0
-0.987051
-0.612651
0.662579
0
-0.429371
-0.478134
0.976032
0
0.827542
0.629451
0
0
0
-0.5947
0.765489
0.802056
0.48505
0
-0.84562
-0.656877
0
-0.939508
0
0.762347
0
0.9613
0.821661
0
0
-0.312755
0.638629
-0.711799
0
0.768149
0
0
0
-0.471635
0.968154
0.295227
0.96285
0
0
0
0.523277
0.994091
-0.771854
-0.742163
-0.728678
0
-0.66073
0.667588
0.72541
0
0.410348
0
0
0
0
-0.863141
-0.622273
0
0.800172
0
0
0
0
0
0.795159
0.634464
0
0
-0.700468
0.951882
0.336677
0
-0.392826
0
0.477699
0
-0.545557
0
-0.880681
-0.67966
0.754435
0.805091
0
-0.560263
-0.600466
0
-0.555425
0.754017
0
-0.56181
0.539847
0.55538
0
0.368758
0
-0.593423
0.319583
-0.661672
-0.476371
-0.291356
0.57998
-0.698394
0
-0.787748
-0.810417
0
0
-0.769846
-0.672183
0
0
-0.715519
0.512058
0.922814
0
-0.886183
-0.603959
0
0
0.878166
0
-0.819615
-0.793308
-0.461336
0
0
0
-0.399071
0.722597
0.534954
-0.818539
0
0.371673
0.655571
0
0.894565
0.995859
-0.810519
0
0.885131
-0.444584
0
-0.494878
0
-0.520902
0
0
-0.991013
0.531943
0
0.678631
-0.519063
-0.653937
-0.31206
0
0
-0.704394
0.54368
0.672562
0
-0.895033
-0.923108
0
-0.423683
0
0
-0.451223
-0.732878
0
-0.537387
0
0.647787
0.925993
0
-0.818079
0.610915
0.650282
0
0.569157
0
0
0
-0.398674
-0.77089
-0.69816
-0.636264
0.780118
0
-0.71328
-0.584651
0.289114
-0.314633
0.795747
0.394767
0.774228
-0.646891
0.887741
-0.907793
-0.871676
0
0.520095
0.822234
0
-0.294829
0
0
-0.571484
0
0.631652
-0.852181
0.525874
-0.717417
0
0.731849
-0.523538
0
0.840298
0.700248
-0.875462
0
-0.674406
0
0.460962
0.514255
0.824318
0.608923
0.749238
0.963601
0
0
-0.952993
0.313654
0.577039
0
0
0
-0.616816
-0.949255
0
0.265378
-0.710561
0
0.880008
0
0.509932
-0.582858
-0.63069
0
0
0
0.575998
0
0
-0.683937
0
0
-0.641281
0.971602
0.375709
0
0
0
0
0
0
-0.933505
-0.896037
0
-0.319289
0
0.750711
0.501191
0.435129
-0.713438
0.819632
0
-0.367868
-0.466184
0.39836
0
0
0.614334
0
0.925586
-0.738114
-0.737812
-0.689253
0
0.60529
-0.75777
0.577334
0
0.969094
0
0
-0.680597
0
-0.694347
0.355445
0.935392
0
-0.962642
0.697434
-0.450096
-0.971713
-0.451934
-0.586405
0.842207
-0.498425
0
0
0.42965
0.758031
0
0
-0.977985
0
0
0
0
-0.571683
0
-0.720045
-0.732825
0.747721
-0.597982
0
-0.649685
0
0
0
-0.674839
0
0
0
0
-0.301558
-0.439946
-0.885128
0.758089
0
0
-0.725874
0.251075
0.839514
-0.716732
0
0
-0.584967
0.49215
0.499378
-0.528793
0.632813
0
0
-0.639872
0.812269
0
-0.338702
0.428744
-0.899284
-0.31461
0
0.70923
0.371633
0.80081
0
0
-0.772707
0
0.556056
0
-0.644977
0
0
0
0
-0.872303
-0.551055
-0.918343
0.577209
0
0
0.808355
0.555356
0
0.922454
0.58111
0
0.533276
-0.396815
-0.887788
0
0
0.589608
-0.563567
-0.513463
-0.941323
-0.642517
0.495884
-0.886894
0
0
0
-0.307973
0.821161
0.451655
0
0
0.873349
0.607302
0.656631
0
-0.484808
-0.464021
-0.625214
0
-0.282543
-0.342863
0
0
0.26847
0
0.691866
-0.599975
0
0.300283
-0.366323
0
0.725885
0
0
-0.702769
-0.786228
0
0.964258
-0.93498
0
0.470796
0
0
-0.64648
0
0
0
-0.740405
0.970683
-0.386416
-0.847033
-0.587841
0.533588
0
0.543422
0
0
-0.765688
0
0.733768
0
0
0.761094
0.933943
0.632913
-0.55584
-0.3967
0.707603
-0.518963
-0.961453
0
0.847408
0.808207
0.593713
0
0
0.937672
0.775709
0
0.468961
-0.925574
-0.522866
0
0.337325
0.69006
-0.851372
-0.47524
0
-0.625774
0
0.798168
0.687636
0
-0.691356
-0.333015
-0.431644
0.875289
0.286515
0
0
0
0.485331
0
0.828928
0.903568
0.519105
0.664646
0.577177
0.876197
0.963161
0
0
0
0
0.719239
0.989358
0
0.856552
0
-0.615998
0.956105
0
-0.85241
-0.759994
0
0.760128
0
-0.637951
0
0.989648
-0.580118
0
-0.63914
0.628089
0
0.866961
0
0
0.77598
0.639759
-0.499316
0
0
0
0.888904
0
-0.490318
-0.394709
0.947599
0.865105
-0.457661
0.891876
0.80929
-0.352657
-0.709817
-0.783551
0.960719
0
-0.785427
-0.716388
0
0.683489
0.60565
0.62444
0
0
0
0
0.846003
0.565908
0
0
0
0.659423
0.666198
0.383204
0
-0.562324
0
0.974108
0.682141
-0.607549
0
0
0.767518
0.909555
0
0
0
-0.625099
0
-0.652688
-0.708025
0.951993
0
0
0
0
0.544362
0
-0.681392
-0.512628
0.849154
-0.393132
0
0
0.386363
0.31002
0
0.601924
0
0.254232
0.272251
0
0.724014
0.724313
0.559673
0
-0.862065
0.843406
0.924236
-0.380905
0
0.970455
0.904955
-0.569638
-0.635825
0.529512
0.583851
0.981088
0
0.69305
0.689315
-0.282376
0.991139
0
-0.952774
0.629084
0
-0.556302
0.369635
-0.320842
0.350646
0
0
0
0.949041
-0.805494
0
-0.5835
0.451511
0.651479
0
0
0
0.709226
0.45168
0
0.711072
0
0.754474
0.879189
0.61358
0
0
0.304231
0.866968
0
0.913981
0
0.67133
0
0.681183
-0.588482
-0.583021
-0.615243
0.582541
0.754017
0
0
0.913547
0.814456
0
0.356528
0
0
0
0.83014
0.9818
-0.745999
-0.96085
-0.969577
0.592402
0.931063
0
-0.700676
0
0
0
0.809909
-0.618521
0.915657
0
0
-0.633395
-0.574279
0
0
0.989083
0
0.474616
0
0.887612
0.666047
-0.245653
-0.404422
0
0
0
0.798289
0.918718
0.585056
0
-0.767492
0
0.930394
0
-0.70108
0.952782
0.59101
0.708692
0
0
0
0.97396
-0.51686
0.586332
0.904333
-0.749951
0.41307
0.590524
0
0.580659
0
0.823885
0
0.578007
0
0.589771
0
0
0.35248
0.463421
0
0.926996
0
-0.72633
0
-0.50619
0.720501
0
0
0.448381
0.791266
-0.26941
0.768177
0.714059
-0.699573
-0.719863
0.820931
0.848174
-0.659448
-0.923184
0
0.615389
0
0
0
0.676422
0.971518
0
0
0
0
0
0.942847
-0.530226
-0.942892
-0.535806
0.951774
0
0
-0.546834
0.448402
0.581212
0.963597
-0.478118
-0.247531
0
0
0.615601
0
0
-0.621363
0
0
0
0.655696
0.579855
0
0
0.524352
0.77196
0.282741
0.744308
-0.826292
-0.76734
-0.680143
0
-0.549561
0
0.810399
0
-0.704421
0
-0.887487
0.925474
-0.461248
-0.894581
0.551124
0
0.923212
0
0
-0.682558
0
0
0.539422
-0.778441
0.609053
0
-0.946397
-0.403442
0
-0.405103
-0.743932
0.395601
0
0.614617
0
0
0
0
-0.809545
0.944344
0.960698
0
0
0
0
0
0
-0.753031
0
0
0
-0.879134
0
0
-0.704865
-0.649766
0
0.575021
0.839874
0.688791
0
0.822634
0.99435
0.786124
0
0.442067
-0.629622
-0.649861
0.485491
0
0
-0.537578
0.727179
-0.553299
0
0
0
0
-0.55415
0
0
-0.617364
0
0
-0.480535
-0.977808
0
0.666943
0.693105
0
0
0.918657
0.692946
-0.965181
0
0.965741
0.499213
0.784453
-0.333032
-0.804712
0
0.824924
0.33305
0.406475
0.727353
0.684457
-0.488031
0
0
0.89084
-0.886101
-0.692565
0.76111
0
0.63802
0
0
-0.629701
0.994512
0
0.974288
0
0
0
0
-0.398625
0
0
-0.290755
0.83467
0.500347
0.597484
0.499242
0
0.872709
0.482448
-0.632171
-0.508577
0
-0.69065
0.624019
0.500575
0
0.453465
0
0
0
-0.898693
0.723139
0
0.62342
-0.556062
0.949086
-0.510215
0
-0.831443
0
-0.589439
0
0
-0.598501
-0.581634
-0.474535
0
0
0
0
-0.392841
0.828753
0
0
0.697283
-0.885997
0.788785
-0.586544
-0.769719
0
0
0.939048
0.830341
0.457739
-0.70005
-0.591719
0.912818
0
0
0.94046
0
0.825569
0
0
0.887319
0
0.787465
0.838366
0
0
0
0
-0.579447
0
-0.573736
-0.734125
0.740307
0
0.633797
0.872709
0.944129
0.992137
0.787427
0.944367
0.990593
0
0
0
0.909537
-0.955594
0
0.591093
0
0.250922
0.771314
-0.77651
0.912873
0
0.90415
0.952956
0.38437
0.870921
0
0.892547
0.971506
0
0.533165
0.455977
0.402917
0.534117
