-0.020833333333333332
0.13636363636363635
0.0
0.1633888888888889
0.0
0.5
0.5333333333333333
0.8
0.0
0.32323232323232326
0.7
0.6
-0.35714285714285715
0.4720703125
0.0
0.0
-0.10000000000000002
1.0
0.0
0.05000000000000002
0.375
-0.019999999999999983
0.13333333333333333
0.0
0.5
0.18316761363636364
0.2125
0.6833333333333332
0.0
0.5
-0.6
-0.5
0.0
-0.125
0.225
0.0
0.05000000000000001
0.0
-0.15
0.0
0.3
0.0
-0.75
0.2
0.13636363636363635
0.0
0.0
0.0
0.0
0.0
0.3
0.0
0.0
0.25
0.0
0.41818181818181815
0.013392857142857137
0.0
0.0
0.2681818181818182
-0.125
-0.30833333333333335
-0.06666666666666665
1.0
0.43125
0.21875
0.0
0.5875
0.5499999999999999
0.25
0.0
0.0
-0.6
0.3
0.0
0.3333333333333333
0.17045454545454544
0.35
-0.07777777777777779
0.0
0.4
0.5375
0.3666666666666667
-0.10416666666666666
0.3269360269360269
-0.47916666666666663
0.13636363636363635
0.7
0.0
0.3297619047619047
0.0
-0.07678571428571428
0.8
0.5
0.3333333333333333
0.0
0.0
-0.09375
0.1340909090909091
0.0
0.1642857142857143
0.0
0.3875
0.2142857142857143
0.125
0.0
0.07499999999999998
0.4
0.0
0.175
-0.3125
-0.07777777777777779
0.34523809523809523
0.5
-0.07142857142857142
0.1375
0.0
0.6666666666666666
0.0
0.8
0.48333333333333334
0.0
0.3333333333333333
-0.6999999999999998
0.0625
0.1
0.7616666666666667
0.0018518518518518452
0.45999999999999996
0.0
0.0
0.04999999999999999
-0.625
0.5
0.25
-0.12
0.25
0.0
0.0
0.425
-0.24999999999999992
-0.5
0.41111111111111104
-0.5
0.1
0.0
0.0
0.0
0.5
0.3444444444444445
0.44642857142857145
0.25
0.8
-0.13333333333333333
0.0
0.0
0.25
-0.05555555555555558
0.5
-0.13333333333333333
0.43333333333333335
0.0
0.0
0.0
0.47500000000000003
0.128125
0.0
0.0
0.5
0.4
0.5
0.525
0.05
-0.15416666666666667
0.375
0.5
0.455
0.5
0.0
-0.002857142857142858
-0.1
0.3333333333333333
0.7
0.16666666666666669
0.0
0.2
0.0
0.08
0.0
0.8
0.35
0.5
0.0
-0.2
1.0
0.26666666666666666
0.8
0.61875
-0.5
0.5333333333333333
0.5
0.7
0.0
0.5
0.0
0.36875
0.0
0.13227272727272726
0.0
0.0
0.0
0.0
-0.2
0.0
0.0
0.0
0.13636363636363635
-0.2
-0.03680555555555557
0.8
0.0
0.0
0.5
0.0
0.23125
0.2
-0.75
1.0
0.13636363636363635
-0.75
0.4875
0.14375
-0.03333333333333333
0.0
0.625
0.35
0.0
0.0
-0.0625
0.0
-0.2
0.0
0.0
-0.1
0.2
0.03333333333333333
-0.8
0.2083333333333334
0.39999999999999997
0.0
0.0
0.0
0.0
0.0
-0.1875
-0.3
-0.41666666666666663
-0.6999999999999998
0.8
0.0
-0.225
-0.3111111111111111
-0.10357142857142858
0.0
0.7333333333333334
0.23333333333333334
-0.128125
0.0
0.15
-0.75
-0.35
0.0
0.13636363636363635
0.0
0.6
0.40625
0.125
0.8
0.6
0.2722222222222222
0.625
0.0
-0.1596827651515152
0.5
-0.2277777777777778
0.33333333333333337
0.10625000000000001
0.0
-0.5166666666666667
0.1333333333333333
0.36041666666666666
0.5083333333333333
0.25
0.375
0.0
0.3181818181818182
-0.125
0.0
-0.1
0.325
0.0
-0.16666666666666666
0.36190476190476195
0.375
-0.34375
0.6766666666666667
0.0
0.0
0.5
0.375
0.0
0.0
0.0
-0.325
0.04999999999999999
0.2
0.0416666666666667
-0.125
0.0
0.0
-0.2
-0.75
0.0
-0.1
0.12323232323232325
0.09999999999999998
0.0
0.0
0.0
0.125
0.6
0.25
0.7
-0.20277777777777778
0.0
0.0
-0.65625
0.8
1.0
0.5
0.0
0.55
0.0
-0.6
0.5
0.5
0.0
0.0
0.04999999999999999
-0.3125
0.0
0.5
-0.75
0.4166666666666667
0.6
-0.09999999999999992
0.0
0.2833333333333333
0.1
0.07878787878787878
0.3541666666666667
0.0
-0.4
0.10000000000000002
0.0
-0.025000000000000022
0.37777777777777777
0.5
0.5
0.0
0.0
0.4
0.6333333333333334
0.9
1.0
0.0
0.17045454545454544
0.125
0.0
0.35
0.5
0.0
0.0
0.0
0.0
-0.0833333333333333
-0.4
0.13333333333333333
0.0
-0.01666666666666668
0.0
0.0
0.16666666666666666
0.6
0.4
0.0
0.8
0.5
0.525
-0.15
0.5
0.0
0.2
0.0
0.7
0.5
0.375
0.0
0.0
0.5
0.0
0.2
-0.2
-0.17991071428571428
0.0
0.0
0.0
0.2130681818181818
0.25
0.2
1.0
0.0
0.6900000000000001
0.0
0.3181818181818182
0.0
0.0
0.0
-0.0625
0.0
0.06250000000000003
0.375
0.06818181818181818
0.0
0.19999999999999998
1.0
-0.6
0.2857142857142857
0.3
-0.11666666666666667
0.0
0.0
0.0
0.3833333333333333
0.0
0.0
0.0
0.2
-0.1
0.375
0.11666666666666665
0.0
0.5
0.75
0.0
0.0
0.3
-0.125
0.0
0.15
0.0
-0.07777777777777779
0.0
-0.375
0.0
0.0
-0.3333333333333333
0.0
-0.15555555555555559
0.0
0.4
0.0
1.0
-0.6999999999999998
0.0
0.640625
-0.4
0.0
0.0
0.4333333333333333
0.1
0.0
0.37777777777777777
0.0
0.675
1.0
0.0
0.0
0.0
0.1875
0.0
0.0
1.0
0.9765625
0.0
0.3333333333333333
0.75
0.0
0.13636363636363635
-0.050000000000000044
0.0
0.0
0.5
0.0
-0.6999999999999998
0.0
0.4333333333333333
0.35
0.3583333333333334
0.0
0.10000000000000003
0.7
0.3333333333333333
0.25833333333333336
0.47500000000000003
0.15
-0.35416666666666663
1.0
0.13636363636363635
0.8
0.0
0.5
0.0
0.5
0.24285714285714285
0.0
0.052083333333333315
0.6875
0.61
-0.25
0.09583333333333333
0.0
0.0
0.2583333333333333
0.625
0.0
0.2
1.0
0.0
0.6
0.39999999999999997
0.5
0.5
-0.23541666666666658
0.85
0.5
0.0
0.86328125
0.4
0.0
0.8
0.0
0.35
0.3409090909090909
0.13333333333333333
0.4666666666666666
0.14659090909090908
0.5
-0.13333333333333333
0.390625
0.43333333333333335
0.3
0.0
0.5
0.0
0.5642857142857143
0.375
0.0
0.17045454545454544
0.9
0.0
0.1875
0.0
0.0
0.35
0.8
0.4166666666666667
0.39999999999999997
0.4708333333333334
0.4
0.4
0.0
0.5428571428571429
0.0
0.6416666666666667
0.6
1.0
-0.1777777777777778
-0.05
1.0
0.33437500000000003
-0.05
0.37023809523809526
0.0
0.5
-0.10416666666666666
0.0
-0.25
0.0
0.0
-0.04999999999999999
0.1875
0.625
-0.15625
0.25
0.19285714285714284
0.15
0.0
0.0
0.0
-0.08787878787878789
0.6
0.375
0.39999999999999997
0.0
-0.4
0.0
0.35
0.75
0.0
0.0
0.8
0.16666666666666666
0.0
0.0
0.6
0.0
1.0
0.0
0.033333333333333326
0.0
-0.5
0.2555555555555556
0.016666666666666677
0.0
0.4333333333333333
0.0
0.033333333333333326
0.0
0.3666666666666667
0.3833333333333333
-0.3125
0.2
1.0
0.0625
0.32857142857142857
0.2
0.5
-0.4
0.0
0.04999999999999999
-0.125
0.13636363636363635
0.5
0.1
0.0
0.5333333333333333
0.0
0.5
-0.19999999999999998
-0.6
0.0
0.0
0.0
0.38111111111111107
0.3458333333333333
0.0
0.0
0.9765625
0.0
0.0
0.0
0.14583333333333334
0.0
1.0
0.0
0.0
-0.22916666666666666
0.0
0.0
0.0
0.0
0.21212121212121213
0.41875
0.0
0.2
0.0
0.0
-0.016666666666666666
0.24999999999999997
0.4166666666666667
0.009090909090909087
0.0
0.09166666666666667
0.0
0.0
0.0
-0.11666666666666664
0.0
0.21212121212121213
-0.11111111111111112
0.0
0.13636363636363635
0.0
-0.9999999999999999
0.5625
0.0
-0.22786458333333337
1.0
0.0
-1.0
0.0
0.0
0.0
0.6000000000000001
0.75
0.0
0.0
-0.1125
0.0
0.0
0.0
-0.75
3.700743415417188e-17
0.4
0.8
0.5
0.14285714285714285
0.0
0.5
0.0
-0.18214285714285716
-0.48359375
0.43125
0.0
0.5
0.45
0.0
1.0
0.0
0.6875
-0.2
0.0
0.19242424242424241
0.0
-0.25
0.1875
0.18055555555555555
0.44642857142857145
0.22749999999999998
0.3416666666666667
0.0
0.55
0.0
0.0
0.8875
0.0
-0.3333333333333333
0.0
-0.43333333333333335
0.75
0.425
0.1
0.0
-0.75
0.13636363636363635
0.056818181818181816
-0.01339285714285715
0.0
0.0
0.0
-0.5
0.0
0.0
-1.0
0.0
0.625
0.8
-0.1
0.0
0.9
0.875
0.525
0.39999999999999997
0.5056818181818181
0.6
0.0
0.25
-1.0
-0.6
0.35
0.0
0.0
0.0
0.0
1.0
0.25
0.0
0.0
0.4125
0.0
0.0
0.0
0.0
0.35
0.0
0.10416666666666666
0.0
1.0
0.0
0.0
0.0
0.0
0.0
-0.15555555555555559
-0.6999999999999998
0.44285714285714284
0.6428571428571428
0.0
0.4
-0.09999999999999998
0.0
-0.125
-0.4
0.5
0.0
0.13636363636363635
0.2
0.0
-0.5
0.2
0.8333333333333334
0.0
0.0
0.6
0.0
0.25
0.2708333333333333
0.0
0.3
0.125
0.0
0.0
-0.25
0.006534090909090892
0.534375
0.0
0.0
0.0
-0.11666666666666665
0.0
0.5
0.0
0.0
0.0
0.2346413352272727
0.4635416666666667
0.0
0.15000000000000002
-0.02121212121212122
-0.25
0.0
0.16666666666666674
0.315
0.17045454545454544
0.25416666666666665
-0.15625
0.13636363636363635
0.0
0.0
0.7083333333333334
0.5
0.19318181818181818
0.7333333333333334
0.55
-0.20000000000000004
0.0
0.09204545454545453
0.4464285714285714
0.0
0.25
0.0
0.0
0.0
0.0
-0.1875
0.8
-0.5
-0.5
0.0
-0.5
0.175
0.175
0.5
0.5
0.8666666666666667
-0.625
-0.17578125
0.0
0.0
0.7
0.5083333333333333
0.0
1.0
0.06190476190476191
0.0
0.4
0.0
0.06818181818181818
0.634375
0.0
0.0
0.1333333333333334
0.0
0.0
0.05714285714285714
1.0
0.0
0.0
-0.19999999999999998
-0.25
0.9333333333333332
0.0
0.8
0.0
0.0
0.6
0.3
-0.5
0.0
1.0
-0.75
0.2111111111111111
-0.6
0.2857142857142857
0.0
0.2
0.5
-0.7142857142857143
0.0
0.0
0.7666666666666666
0.09166666666666666
0.15000000000000002
-0.2601851851851852
-0.8749999999999998
0.0
0.0
0.4000000000000001
0.0
0.13636363636363635
-0.5166666666666667
0.27878787878787875
0.2
-0.07666666666666667
-0.4
0.20833333333333334
0.08333333333333333
0.4166666666666667
0.0
0.0
-0.35714285714285715
-0.26666666666666666
0.75
0.0
0.35
0.3625
0.0
0.21398809523809526
-0.1857638888888889
0.5
0.0
0.0
-0.75
0.5
0.17045454545454544
0.0
0.35625
0.0
0.3361111111111111
0.0
-0.4
0.3666666666666667
0.30000000000000004
0.375
0.7000000000000001
-0.25
0.0
0.0
-0.025
0.0
0.1953125
0.0
0.05
0.0
0.0
0.6975446428571428
0.5
0.24
0.35714285714285715
-0.2125
-0.2
0.08214285714285716
0.5
0.625
0.4
0.40416666666666673
0.625
0.19999999999999998
0.0
0.5
0.3375
0.0
0.0
0.8
0.2
-0.3
0.0
0.0
0.375
-0.4
0.0
0.1
0.0
0.0
0.6421428571428571
0.13636363636363635
0.9
-0.18
0.6
0.64
0.0
0.0
0.0
-0.2
0.16666666666666666
0.26633522727272724
0.0
0.0
0.0
-0.11875
0.26666666666666666
0.0
-0.04427083333333334
-0.05
0.43333333333333335
0.0
0.4444444444444445
1.0
-0.18333333333333335
0.5
0.35
0.35000000000000003
0.15625
0.03333333333333333
0.0
0.4
0.5
0.0
0.8
0.2
-0.8749999999999998
0.3
0.0
0.0
0.016666666666666666
0.1
0.0
0.17045454545454544
0.4875
0.7
0.2
0.55
0.0
-0.30000000000000004
0.5
0.0
0.0
-0.17857142857142858
0.34375
0.0
0.8333333333333334
0.0
-0.23333333333333336
1.0
1.0
0.25
-0.24999999999999997
-0.3
0.625
0.0
0.5
0.0
-1.0
-0.25
-0.5
0.0
0.15
0.5
0.5
0.45625000000000004
0.0
0.0
0.3
-0.30000000000000004
0.06818181818181818
0.0
0.0
-0.234375
0.5
0.13636363636363635
0.0
0.375
-0.6
0.375
0.5
0.6
0.17234848484848483
0.0
0.0
0.0
0.0
0.0
0.5
0.24999999999999997
-0.0625
0.13636363636363635
0.8
0.65
0.6666666666666666
0.13636363636363635
0.5
0.0
0.0
0.3125
0.5
0.0
0.0
1.0
-0.15
0.0
0.0
0.0
0.55517578125
0.0
0.39285714285714285
-0.375
-0.008333333333333333
0.3392045454545454
0.5
0.3
0.5
0.13636363636363635
0.0
0.25
0.0
0.225
0.0
-0.78125
0.0
0.4
0.0
0.1
0.2916666666666667
0.0
0.35
0.18125000000000002
0.0
0.39999999999999997
0.5
0.48828125
0.0
0.0
0.0
0.3875
0.4
0.0
0.0
0.3333333333333333
0.5
0.0
0.3666666666666667
0.0
-1.0
-0.125
-0.4166666666666667
0.0
0.0
0.0
0.35
0.0
0.2
0.0
0.2
0.3806818181818182
0.5
0.06727272727272726
0.0
0.0
0.4
0.1
0.6000000000000001
-0.25
0.0
0.18392857142857144
0.23611111111111113
0.0
0.2916666666666667
0.13636363636363635
0.0
0.0
0.3125
0.0
-0.15555555555555559
-0.1
0.0
0.0
0.041666666666666664
0.8
0.1
0.25416666666666665
0.0
0.0
0.0
0.0909090909090909
0.225
0.08
0.11481481481481481
0.0
0.390625
0.35
0.21666666666666665
0.3
0.09999999999999998
0.3181818181818182
0.2857142857142857
0.0
0.275
0.0
0.44285714285714284
0.4
0.16666666666666666
0.3
0.5
0.2
-0.033333333333333326
-0.08806818181818182
0.0
0.25
0.016666666666666663
0.0
0.275
0.5
0.5
0.2681818181818182
0.042857142857142844
0.6666666666666666
-0.2375
0.0
0.2
0.0
0.0
0.7
0.0
0.0
0.0
0.0
0.2
0.25
-0.25
0.2916666666666667
-0.8
0.0
-0.2
0.042857142857142844
0.0
0.0
0.0
-0.3333333333333333
-0.875
-0.25
-0.5
0.86875
0.28125
0.0
0.06011284722222221
-0.43333333333333335
0.0
0.15757575757575756
0.0
-0.07142857142857142
0.0
0.0
0.2
0.5
0.0
0.0
0.0
0.0
0.3958333333333333
0.0
0.0
0.4666666666666666
0.0
0.25
0.3
0.4
0.175
0.30000000000000004
0.5
0.0
0.0
0.0
-0.10653409090909091
0.6666666666666666
1.0
0.020833333333333297
0.0
1.0
0.04999999999999999
0.3
0.0
0.35
0.1
0.10000000000000003
0.25
0.0
0.35
0.5
1.0
0.625
-0.05
0.0
0.5
-0.25
0.1875
-0.125
0.2
-0.75
0.0
0.0
-0.275
0.0
0.1
0.15625
0.0
0.75
0.1875
-0.04375000000000001
0.0
0.75
0.5
0.0
0.0
0.3181818181818182
0.13636363636363635
0.05000000000000002
0.0
0.4
0.08333333333333333
0.35
0.13636363636363635
-0.4
0.2681818181818182
0.6
0.0
0.0
0.25
0.5
0.09249131944444444
-0.5
0.0
1.0
0.0
0.25
0.8
0.0
0.43333333333333335
0.0
0.1
0.0
-0.625
0.0
0.0
0.6
-0.15555555555555559
-0.4875
0.0
0.0
1.0
0.2
0.0
0.0
0.0
-0.5
0.1625
-0.125
0.5125
0.19999999999999998
-0.1
0.0
0.25
0.0
0.0
0.36190476190476195
0.2
0.0
0.0
0.1
0.0
0.0
0.0
0.0
0.0
0.0
0.0
0.0
0.65
0.0
0.7
-0.25
0.10476190476190476
0.0
0.4041666666666666
0.5
-0.1
-0.3047619047619048
0.0
0.35
0.3
0.7
0.32859848484848486
0.0
0.0
0.7666666666666666
0.11249999999999999
-0.21875
0.2333333333333333
0.0
0.0
-0.09687499999999999
-0.25
0.0
0.0
0.1
-0.21666666666666667
0.5
0.0
0.0
0.65
0.0
-0.19444444444444448
0.375
0.0
1.0
0.0
0.0
0.35
0.09659090909090909
-0.9999999999999999
0.8
0.33482142857142855
0.0
-0.2958333333333333
0.24285714285714285
0.0
-0.175
0.625
0.0
-0.04375000000000001
0.0
0.0
0.0
-0.19
0.4
0.175
1.0
0.0
0.6
0.0
0.25
-0.25416666666666665
0.5
-0.3
0.3308531746031746
0.575
0.6953125
0.3375
0.0
-0.05714285714285716
-0.26666666666666666
0.4921875
0.0
0.04999999999999999
0.0
0.1
1.0
-0.5
-0.2
0.3125
0.22499999999999998
0.0
0.0
0.25
0.0
0.5
0.23768939393939392
-0.3333333333333333
-0.28645833333333337
0.037500000000000006
0.5
0.0
0.0
0.0
0.0
-0.15476190476190477
0.5
0.0
-0.03333333333333335
0.0
-0.1875
0.2858418367346939
0.2
0.5
0.0
0.22499999999999998
0.1875
0.0
0.2
0.0
0.0
0.0
0.4
0.029166666666666646
-0.4000000000000001
0.5666666666666667
0.44999999999999996
0.0625
0.0
0.0
0.0
0.0
-0.01666666666666668
-0.1933333333333333
0.2857142857142857
0.0
0.1416666666666667
0.25
0.3181818181818182
0.0
0.325
-0.5
0.625
0.6666666666666666
-0.4
0.0
0.17045454545454544
0.47878787878787876
-0.35
0.7
0.0
0.054166666666666696
1.0
0.0
-0.125
0.0
0.0
0.25
0.0
0.0
-0.11666666666666667
0.6
0.11458333333333334
0.5
0.5
0.2333333333333333
0.0
0.06944444444444443
0.2
0.91552734375
0.0
0.08035714285714285
0.2
0.0
0.0
0.25
0.0
0.0
-0.30625
-0.4
0.10555555555555556
0.3
0.0
0.06666666666666665
0.0
0.4166666666666667
0.40277777777777785
-0.2
0.0
0.0
-0.35714285714285715
0.25
0.0
0.0
0.1
0.13636363636363635
0.4125
0.1787878787878788
-0.5
0.2
0.7
0.0
0.428125
0.0
0.3
0.7
0.275
-0.6
0.0
0.9
0.4125
0.0
-0.5
0.2
0.0
0.625
0.0
0.0
0.8255208333333334
0.0
0.0
0.45
0.0
0.0
0.0
0.0
0.0
0.2
0.5
0.0
-0.125
0.0
0.0
0.675
0.13333333333333333
-0.4
0.5
0.5
0.8
0.0
0.06944444444444443
0.325
0.5
0.011067708333333315
0.0
-0.8
-0.20625
0.0
1.0
0.0
-0.05555555555555555
0.25
-0.20833333333333331
0.11623376623376624
0.44318181818181823
0.0
0.0
0.5681818181818181
0.4
0.0
0.4666666666666666
0.0
0.6
-0.275
0.625
0.0
0.15
0.8125
0.5
0.0
0.3
0.0
0.0
0.1
0.0
1.0
0.8
0.1
-0.35
-0.1
0.0
0.0
0.10714285714285714
0.5
-0.6
0.0
0.0
0.0
0.0
0.5
0.25
0.0
0.0
0.0
0.0
0.4
0.0
0.67
0.1
0.06666666666666665
0.125
0.0
0.15
0.0
0.5333333333333333
0.0
0.5
-0.0625
0.1
0.0
0.0
0.225
1.0
0.16666666666666666
0.75
0.0
0.2
-0.2
0.5
0.8
0.0
0.20089285714285715
0.32066761363636365
0.0
-0.5
0.0
0.09848484848484847
0.0
0.0
0.12708333333333333
0.6287878787878788
0.0
1.0
0.0
0.0
-0.125
0.625
-0.15625
0.25
0.0
0.5
0.0
0.09999999999999999
0.0
-0.1875
0.0
0.3
-0.19448051948051948
0.0
0.3458333333333333
0.0
-0.4375
0.1
0.0
0.0
0.0
0.13636363636363635
0.0
0.0
0.3
0.0
0.125
0.3
-0.15555555555555559
0.0
0.5
0.0
0.0
0.0
0.6125
-0.2
0.0
0.0
0.0
-0.07500000000000001
0.0
0.0
0.0
-1.3877787807814457e-17
0.5
0.0
0.2
0.0
0.0
0.0
-0.07777777777777779
0.4921875
-0.625
-0.4
0.39285714285714285
0.2833333333333334
0.0
0.8
0.0
0.06818181818181818
0.0
0.8375
0.0
0.0
0.0
0.0
-0.3
1.0
0.25
0.4
0.0
0.0
0.0
0.0
0.0
0.0
0.10166666666666667
0.1
0.15
0.25
0.4
0.0
0.8
0.2333333333333333
0.7
0.5
0.0
-0.4
0.0
0.244140625
1.0
0.0
0.0
0.0
0.0625
0.0
0.04999999999999999
0.0
0.0
0.25
0.3729166666666667
0.16666666666666666
0.26666666666666666
0.0
-0.25
0.5859375
0.2125
0.0
0.3287878787878788
-0.5703125
0.24318181818181817
0.0
0.5333333333333333
0.3375
0.2
0.0
0.6666666666666666
0.0
0.0
0.21666666666666667
0.0
-0.052857142857142866
0.0
0.0909090909090909
0.0
0.5
0.37857142857142856
0.0
0.0
0.4375
0.4375
0.0
0.5
0.4
0.0
0.0
1.0
0.0
0.16666666666666666
0.7
0.5
-0.18125
0.375
0.0
0.8
0.0
0.0
1.0
0.0
0.0
0.625
-0.3
0.8
-0.4
-0.25
0.8
0.0
0.0
0.5428571428571429
0.4
0.5
0.36481481481481487
0.0
0.7
-0.25
0.0
0.23124999999999998
-0.15555555555555559
0.0
0.0
0.0
0.0
0.39285714285714285
-0.3333333333333333
-0.16666666666666666
0.25
0.0
0.625
-0.8
0.0
0.0
0.0
0.475
0.0
0.0
-0.075
-0.6
0.5625
0.5
0.5
0.0
0.0
0.25
0.65
0.04444444444444443
0.0
-0.04375
-0.625
0.125
0.15277777777777776
0.0
0.41801948051948057
0.22499999999999998
-0.4
0.0
0.25
0.0
0.5
0.3916666666666666
0.2
0.0
0.0
0.0
0.75
-0.07142857142857142
0.0
0.0
-0.75
-0.16666666666666666
0.0
-0.16666666666666666
0.75
1.0
0.0
0.06818181818181818
0.5
0.0
0.43333333333333335
0.05347222222222218
0.0
0.1
0.0
1.0
0.13
0.0
0.0
0.05000000000000002
0.27575757575757576
0.0
0.0
0.0
0.0
0.5
0.6000000000000001
0.8
0.0
0.0
0.1
0.125
0.65
0.0
0.5
0.2
-0.75
0.0
0.0
0.0
0.125
0.0
-0.35714285714285715
0.65625
0.14444444444444443
0.8
0.0
0.2
0.125
0.12
0.0
0.5
0.8
0.0
0.25
-0.17500000000000002
0.0
0.0
0.0
0.0
0.0
0.45
-0.5
0.04999999999999999
-0.44583333333333336
0.0
-0.3038194444444445
0.0
0.6
0.0
-0.5
0.0
0.6
0.13636363636363635
0.0
0.0
-0.5
0.25
0.5
-0.6999999999999998
0.0
0.8
0.2043560606060606
-0.4
0.0
-0.08333333333333333
0.24166666666666667
0.0
0.0
0.4375
0.13636363636363635
-0.24999999999999992
0.8
0.0
0.0
0.39999999999999997
0.0
0.6
0.06818181818181818
0.0
-0.4
0.5
0.0
0.0
0.09523809523809523
-0.46875
0.0
-0.3125
-0.78125
-0.08333333333333333
0.2
0.3681818181818182
0.5
0.0
0.125
0.421875
-0.375
0.0
0.0
0.0
0.0
0.0
0.0
-0.016666666666666663
-0.25
-0.375
0.2
0.0
0.0
0.25
0.0
0.15
1.0
0.0
0.4666666666666667
0.625
0.5
0.35
-0.08472222222222224
0.0
0.0
0.0
0.0
-0.2
0.27499999999999997
-0.15555555555555559
1.0
0.0
-0.6
0.1
0.0
0.0
0.0
0.25
0.2
0.5
0.0
0.0
0.25
0.0
0.0
0.2619047619047619
0.19444444444444445
0.0
0.20833333333333334
0.390625
0.0
-0.18680555555555559
0.4
-0.03181818181818183
0.35
0.4
0.0
-0.244140625
0.0
0.378125
0.35
0.17471590909090906
0.0
0.0
1.0
0.5
-0.1
0.8
0.3875
0.0
0.41666666666666663
0.15625
0.5208333333333334
0.0
0.0
0.3333333333333333
0.6499999999999999
0.0
0.734375
0.0
-0.4916666666666667
0.7
0.0
0.0
0.0
0.03750000000000003
0.3181818181818182
0.0
0.26666666666666666
0.28500000000000003
0.478125
0.0
0.4
0.0
0.24
0.23484848484848483
0.125
0.0
0.5
0.0
-0.6666666666666666
0.4
0.0
-0.04999999999999999
0.3333333333333333
0.0
0.475
0.0
-0.4
0.0
0.578125
0.0
0.0
-0.03333333333333329
0.31666666666666665
0.0
0.4583333333333333
-0.75
0.0
0.0
0.0
0.0
0.4375
0.6
0.0
0.5
-0.24583333333333335
0.0
0.0625
0.0
0.35
-0.07142857142857142
0.0
0.19999999999999998
0.2
0.0
0.2
-0.39999999999999997
0.2
0.0
0.6000000000000001
0.0
0.0
0.0
-0.5
0.0
-0.11538461538461539
0.0
0.0
0.0
0.8
0.65
0.0
0.0
0.13636363636363635
0.0
0.3125
0.0
0.0
0.8
0.0
0.30000000000000004
0.0
0.0
0.0
0.0
0.0
0.775
0.25
0.1
0.1
0.0
0.0
0.0
0.0
0.0
0.0
0.0
0.0
0.0
0.3170454545454546
0.0
0.0
-0.16249999999999998
0.0
0.0
0.0
0.13636363636363635
0.1
1.0
0.0
0.0
-0.5
0.13636363636363635
0.1
-0.75
0.6232142857142857
0.29000000000000004
0.0
0.0
0.0
0.5333333333333333
0.13636363636363635
0.0
0.5
-1.0
0.6
0.0
-0.078125
0.5
0.2
-0.09999999999999998
0.15277777777777776
0.2
0.0
1.0
0.0
0.4166666666666667
-0.017857142857142863
0.45
0.25
0.0
-0.2
-0.7999999999999999
-0.05555555555555556
0.0
0.4699999999999999
0.0
0.1
0.0
-0.1
0.21666666666666667
0.0
0.025000000000000005
0.0
0.8
0.0
0.75
0.21428571428571427
0.0
0.0
-0.1
0.4270833333333333
0.0234375
0.5
1.0
-0.5
0.0
0.0
0.0
0.0
0.0
0.0
0.0
0.15885416666666666
0.0
-0.75
-0.178
0.4
0.0
0.5
0.0
0.125
0.2
-0.5
0.5
0.033333333333333326
0.2
0.65
0.0
0.38181818181818183
0.5
-0.125
0.0
0.0
1.0
-0.29296875
0.0
0.25
-0.9
0.0
0.5
0.06666666666666665
0.8
0.5
0.5121212121212121
0.05
0.0
0.7
0.0
0.35
0.0
0.2
0.0
0.0
0.0
-0.3729166666666666
0.5
0.0
0.0
0.5
0.0
-0.2825757575757576
-1.0
0.0375
0.5
-0.3333333333333333
0.16
0.35
0.25
0.0
0.10416666666666667
0.0
0.0
-0.2
0.26666666666666666
0.3055555555555556
-0.15555555555555559
-0.08611111111111112
0.09999999999999999
-0.25
3.700743415417188e-17
0.0
0.0
0.0
0.8
0.3125
0.0
0.325
0.0
0.5
0.2787878787878788
0.39999999999999997
0.45
0.0
0.25
0.0
0.0
0.4
0.23214285714285715
0.25
0.0
0.2625
0.0
0.5
0.25
0.0
0.1680194805194805
-0.16666666666666666
0.5
0.2
0.5
0.16666666666666666
0.55
0.0625
0.16666666666666666
-0.75
0.16666666666666669
-0.14583333333333334
0.0
0.0
0.0
-0.30000000000000004
0.0
0.0
0.5
0.75
0.025000000000000005
0.4666666666666666
0.0
0.8
0.0
0.8
0.0
0.0
0.0
0.3803030303030303
0.0
0.2
0.0
0.5
0.5
0.0
-0.4
0.6666666666666666
-0.37500000000000006
0.0
0.0
0.0
-0.5
0.0
0.0
1.0
0.0
-0.3219184027777778
0.4000000000000001
0.0111111111111111
0.5416666666666667
1.0
0.275
0.16818181818181818
0.13636363636363635
0.4
0.95
0.0
0.0
0.0
0.0
0.3666666666666667
0.13636363636363635
0.2777777777777778
0.0
0.30000000000000004
0.0
0.3666666666666667
0.0
0.25
0.125
0.06818181818181818
-0.5
0.65
0.0
0.0
0.3
0.0
0.0
0.6416666666666667
0.8
0.0
0.20833333333333334
1.0
0.0
0.7
0.0
0.08333333333333334
-0.4
0.0
0.35714285714285715
0.0
0.0
-0.6
0.3521205357142857
0.03333333333333336
0.5
0.1
0.0
0.8
0.5
-0.5
0.0
0.0
0.0
0.1
0.0
0.0
0.0
0.0
0.75
-0.13333333333333333
0.0
0.3875
0.0
0.0
0.13636363636363635
0.0
0.0
0.0
0.0
0.0
0.0
0.2
-0.4041666666666666
-0.2
0.1
0.0
0.0
0.4166666666666667
0.0
0.0
-0.7249999999999999
0.1777777777777778
0.3
0.1
0.3255208333333333
0.0
0.0
0.0
0.0
0.05
0.15
-0.125
-0.42500000000000004
0.6666666666666666
0.5
-0.2
0.8
0.4
-0.10833333333333334
0.2833333333333334
0.2
0.5
0.65
0.25
-0.6999999999999998
-0.61767578125
-0.03333333333333333
0.0
0.1590909090909091
0.48828125
0.0
0.14166666666666666
0.0
0.0
-0.11428571428571428
0.04999999999999999
0.0
-0.35000000000000003
-0.12946428571428573
0.8
0.5
-1.0
0.1375
0.8
0.0
0.0
0.0
-0.5
0.0666666666666667
0.5
0.17727272727272725
0.0
0.0
0.5
0.25
0.20000000000000004
0.0
0.14285714285714285
0.0
0.8
-0.25
0.0
-0.09999999999999992
0.0
0.0
0.0
-0.4
-0.04910714285714286
0.0
0.0
0.6
0.85
0.19166666666666665
0.625
0.75
0.0
0.25546875
0.13636363636363635
-0.5
-0.07777777777777779
0.0
0.03333333333333333
0.5
0.2
0.0
-0.3
0.5416666666666666
0.34545454545454546
0.13636363636363635
0.0
0.15000000000000002
0.625
0.15555555555555559
0.0
0.08750000000000002
0.0
0.2
0.5
0.0
0.11818181818181818
0.0
-0.8
0.0
0.0
0.0
0.25
0.1
0.0
0.1
0.5875
-0.45
0.0
0.0
0.15000000000000002
0.0
0.0
0.025
0.0
1.0
0.0
0.0
0.0
0.13636363636363635
0.0
1.0
0.0
0.0
0.5166666666666666
0.2
0.0
0.0
0.35
0.24285714285714285
0.3666666666666667
-1.0
0.7
-0.5
-0.14583333333333334
0.35
0.0
-0.16666666666666666
0.2
0.0
0.0
-0.022222222222222216
0.024999999999999994
-0.25
0.13636363636363635
0.4777777777777778
0.0
0.0
0.25
-0.390625
0.7
0.0
0.1
0.0
0.0
-0.1
0.3
0.0
-3.700743415417188e-17
0.0
-0.36875
1.0
0.46875
0.7
0.0
0.0
0.5
0.625
0.0
0.0
0.625
-0.125
-0.25
0.2
0.0
0.025
0.0
0.0
0.25
0.0
0.0
0.0
0.5
-0.06666666666666667
0.0
0.0
0.5416666666666667
-0.6
0.1875
0.0
0.0
-0.390625
0.8
0.0
0.0
1.0
0.5
0.25
0.0
0.3416666666666666
0.790625
0.0
0.0
0.2
0.2681818181818182
0.0
-0.375
0.35
0.0
0.375
-1.0
0.5375
0.0
-0.1
0.0
0.275
0.25
0.78125
-0.35345052083333334
-0.2
0.5
0.5
0.01944444444444443
0.2
0.1875
0.2
0.27870129870129867
0.2
0.0
0.0
-0.6
0.5
0.35
0.35
-0.125
-0.425
0.0
5.551115123125783e-17
-0.6999999999999998
0.4
0.2
1.0
0.5
0.25
0.55
0.0
0.0
0.0
-0.325
0.0
0.35
0.033333333333333326
0.0
0.525
0.0
0.0
-0.15000000000000002
0.4083333333333333
0.0
-0.4
0.5
0.0
0.0
0.0
-0.09523809523809523
0.04999999999999997
0.18989898989898987
0.0
0.25
-0.1
0.4
0.0
0.575
0.0
-0.07916666666666666
0.55
0.0
0.0
-0.3499999999999999
0.0
0.0
0.0
0.0
0.365625
0.8
0.0
0.0
1.0
0.0
0.0
0.0
0.0
-0.15555555555555559
0.0
0.0
3.700743415417188e-17
0.8
0.2375
0.13636363636363635
0.0
0.2
-0.4
0.2857142857142857
0.07323232323232323
1.0
0.7
-0.4
0.8
0.0
0.0
-0.5
0.9765625
0.875
0.39166666666666666
0.16818181818181818
0.625
0.0
0.0
0.0
0.375
-0.5125
0.024999999999999994
0.5833333333333334
0.0
0.0
0.2875
0.0
0.0
0.0
0.4166666666666667
0.55
-0.4041666666666666
0.8
0.0
0.75
0.8
0.0
0.0
0.0
0.09
0.8
0.0
0.7
0.4666666666666666
-0.6
0.0
-0.625
0.0
0.0
0.0
0.8
-0.3125
0.4375
1.0
0.6
0.65
0.5232142857142856
0.046875
0.0
0.5
-0.10000000000000002
0.16666666666666666
-0.0875
0.0
0.0
0.5
0.0
0.0
0.0
0.0
-0.35
0.0
0.8
0.0
0.35000000000000003
0.5
0.0
0.3833333333333333
0.19999999999999998
0.0
0.5187499999999999
0.0
0.05000000000000002
0.5
0.0
0.25
0.5
0.0
0.0
-0.1
-0.13999999999999999
-0.2916666666666667
0.55
0.5
0.0
0.9765625
-0.20625
0.0
-0.125
0.8000000000000002
0.2
0.3728571428571429
0.45
-0.4
0.0
0.0
0.25
0.0
0.225
0.2916666666666667
0.0
-0.24583333333333335
0.2953125
0.0
0.0
-0.36458333333333337
0.8
-0.2
-0.75
0.375
0.43333333333333335
0.4453125
0.0
-0.2999999999999999
0.06666666666666667
0.0
0.0
0.0
0.0
0.25
0.0
0.5
0.4
0.5
0.0
0.0
0.15757575757575756
0.0
0.625
-0.6
0.2
-0.11458333333333337
0.0625
0.2875
-0.15555555555555559
0.0
0.0
0.13636363636363635
0.0
0.0
0.4375
0.0
0.0
0.0
0.1
0.10416666666666667
0.0
0.0
0.33888888888888885
-0.25
0.005555555555555573
0.35
-0.5777777777777778
1.0
0.25
-0.14583333333333334
-0.25
0.3125
0.33984375
0.25
0.375
0.0
0.1416666666666667
-0.6
-0.1288194444444445
0.0
0.0
0.2857142857142857
0.53
0.5
0.0
0.2
-0.13785714285714284
0.0
0.65625
0.0
0.0
-0.05
-0.04999999999999999
0.0
0.0
0.0
-0.6
0.4000000000000001
-0.625
0.9
-0.4
0.9
-0.07142857142857144
0.2
0.0
-0.09999999999999998
0.0
0.75
-0.09999999999999999
0.6
0.4035714285714285
0.0
0.15892857142857145
0.08051948051948052
0.0
0.05
0.0
0.2
-0.15555555555555559
-0.2
0.4
0.5
0.0
0.0
-0.16249999999999998
0.0
0.33
0.0
0.0
-0.25
-0.25
0.1388888888888889
0.0
-0.3
0.0
0.0
0.26666666666666666
-0.5
0.0
0.0
0.0
0.0
0.0
0.0
0.2715909090909091
0.325
0.5
0.27976190476190477
0.0
0.7
0.1
0.13636363636363635
0.09830729166666666
0.35
0.4
0.13636363636363635
0.0
0.4375
0.0
0.8
-0.525
-0.04464285714285714
0.0
0.25
-0.6
0.0
0.325
0.0
0.0
0.11666666666666665
0.3666666666666667
0.25
1.0
0.39999999999999997
0.0
0.0
0.0
0.16
-0.16666666666666666
0.0
0.0
0.375
0.5833333333333334
0.8
-0.1
0.0
0.0
0.35
0.5
-0.3125
-0.009595959595959616
-0.24857142857142858
0.55
-0.125
0.0
0.39999999999999997
0.5125
-0.25
0.35
0.0
-0.8
0.3666666666666667
0.0
0.0
0.35000000000000003
0.36874999999999997
0.2857142857142857
0.375
0.5
0.0
0.0
0.25
0.33768939393939396
0.0
0.0
0.0
0.0
0.5
1.0
0.0
0.0
0.06000000000000003
-0.3
0.39999999999999997
0.5
0.65
0.13636363636363635
0.2
0.0
0.75
0.0
0.0
0.0
0.1
0.0
-0.5
0.03333333333333333
0.0
-0.07500000000000001
0.08750000000000002
0.175
0.5166666666666667
-0.75
0.0
0.1
-0.5
0.0
0.3333333333333333
-0.15625
0.0
0.2
0.0
0.0
0.5
0.0
-0.25
0.0
0.375
0.0
0.7
0.5
0.8
1.0
0.21785714285714283
0.45
0.125
0.35
0.225
0.0
0.0
-0.5
0.43333333333333335
-0.18333333333333335
0.34722222222222227
0.0
0.125
0.0
0.0
0.6
0.0
0.5
0.033333333333333326
0.7
-0.125
0.625
0.0
0.0
0.0
-0.016666666666666663
-0.020833333333333332
-0.7499999999999999
0.8
0.4681818181818182
0.17857142857142858
0.6510416666666665
0.5
-0.37500000000000006
-0.6999999999999998
0.0
0.0
0.5
0.07142857142857142
1.0
0.125
0.175
0.0
0.2
0.0
0.13636363636363635
-0.31
0.5
0.6500000000000001
0.0
0.0
0.0
0.0
0.3
0.6
0.4
0.0
0.5
-0.3333333333333333
0.205
0.25
0.4375
0.0
0.0
0.0
-0.1
-0.4
0.0
0.45
0.5
0.225
0.6
0.0
0.0
0.0
0.35
0.0
0.0
0.125
0.3181818181818182
0.13636363636363635
0.0
0.5
0.7
0.31249999999999994
0.5
-0.36666666666666664
0.0
-0.8
-0.1
0.5
-0.45
0.44999999999999996
0.0
0.0
0.01785714285714285
0.0
0.0
-0.029761904761904767
0.125
0.2
0.75
0.0
0.13333333333333333
0.3125
-0.6999999999999998
0.7
0.09375
0.5
0.0
-0.125
0.1
-0.07500000000000001
0.0
0.0
0.3458333333333334
-0.10833333333333334
0.325
0.5294034090909091
0.0
0.0
-0.2
0.11280691964285716
0.4464285714285714
0.0
-0.011111111111111118
-0.4
0.8814697265625
0.375
0.8
0.375
0.0
0.0
0.4
0.25
1.0
0.0
0.0
0.0
1.0
0.2
0.0
-0.1125
0.0
-0.30000000000000004
0.047619047619047616
0.0
0.0
0.0
-0.11666666666666668
-0.265625
0.5
0.0
0.16071428571428573
0.0
0.0
0.13
0.20833333333333334
0.0
0.26666666666666666
0.5
-0.36666666666666664
0.225
0.4261904761904762
0.125
0.75
0.6
0.0
0.0
1.0
-0.2
-0.16666666666666666
0.0
0.1
0.0
-0.25
0.3
0.0
0.0
0.0
0.0
-0.15555555555555559
0.0
0.5
0.525
0.41875
0.0
0.4
0.0
0.43333333333333335
0.825
0.0
0.3
0.5
0.0625
0.0
0.44285714285714284
0.0
0.0
-0.43333333333333335
-0.125
-0.05624999999999999
0.0
0.0
0.48828125
0.4166666666666667
0.38690476190476186
0.0
0.0
0.0
0.25333333333333335
0.0
0.0
0.0
0.0
0.5
0.75
-0.5
0.3333333333333333
0.0
0.5
0.0
0.0
0.17045454545454544
0.5
0.1
0.0
-0.04
0.0
0.0
0.31428571428571433
0.0
0.0
0.625
0.125
0.5
-0.55
0.0
0.5
0.0
0.13636363636363635
0.2
0.0
0.13636363636363635
0.08333333333333333
0.0
-0.2
0.0
0.13636363636363635
0.0
0.0
0.6589285714285714
0.75
-1.0
0.4166666666666667
0.2697916666666667
0.6666666666666666
0.0
0.0
0.0
0.0
0.15000000000000002
0.13636363636363635
-0.3
0.30000000000000004
0.0
0.31212121212121213
0.3
0.0
-0.1
0.0
0.0
0.25
0.0
0.0
0.12222222222222222
0.39867424242424243
0.6666666666666666
0.0
0.8
0.09999999999999998
0.0
0.0
0.8
0.0
0.1
0.4125
0.375
0.0
0.0
0.33999999999999997
0.0
0.275
0.0
-0.125
0.13636363636363635
0.06818181818181818
0.0
-0.13125
0.21044921875
0.75
0.25
0.13636363636363635
0.4
0.0
0.16666666666666666
0.0
0.0
0.0
0.2333333333333333
0.0
0.375
0.0
-0.175
0.7500000000000001
0.35714285714285715
-0.65
0.13636363636363635
-0.017460317460317475
-0.016666666666666673
-0.5
0.0
0.0
0.8
0.0
0.0
0.0
1.0
-0.4
-0.4708333333333334
0.0
0.0
-0.0625
0.376875
0.0
0.4083333333333333
0.0
0.55
0.0
0.15
0.5
-0.75
0.03333333333333333
0.025000000000000022
0.0
0.08333333333333333
0.5900000000000001
0.2571428571428571
0.0
0.06666666666666665
0.0
-0.05
-0.6
0.6
0.0
0.0
0.0
0.2
0.0
0.0
0.16666666666666669
0.16666666666666669
0.0
0.0
-0.1
0.25
0.0
0.1
0.0
0.6
0.0
1.0
-0.033333333333333305
0.35
0.9765625
0.0
0.0
0.13636363636363635
0.0
0.05
0.022222222222222213
-0.13333333333333333
-0.20520833333333333
0.0
0.625
0.0
0.0
0.0
0.0
0.9
0.0
0.0
0.65
-0.3
1.0
0.775
0.0
-0.2916666666666667
0.78125
0.0
0.0
-0.25
0.3666666666666667
0.0
0.5859375
-0.5125
0.0
0.0
0.0
0.0
0.7
0.0
0.55
0.225
0.13522727272727272
0.0
0.04999999999999999
0.0
0.0
0.0
0.25
0.056547619047619034
0.0
0.0
0.78125
-1.0
0.8
0.13636363636363635
0.25
1.0
0.06666666666666667
0.4
0.2
0.4
0.2
0.2
0.875
-0.0625
1.0
0.0
0.25
0.0
0.0
0.35
0.6
0.85
0.19999999999999998
0.8
0.0
0.11249999999999999
0.3
0.0
0.41818181818181815
-0.25
0.2
-0.5
0.0
0.45000000000000007
-0.2
0.17045454545454544
1.0
0.0
0.6
0.0
0.125
0.5
0.625
0.6
0.05416666666666667
0.0
0.13636363636363635
-0.35555555555555557
-0.13333333333333333
-0.5
0.0
0.1
0.0
0.75
-0.03125
-0.375
0.26633522727272724
0.0
0.35
0.2
0.0
0.0
-0.1171875
0.0
0.3
0.32083333333333336
0.4791666666666667
0.2
0.0
0.5
0.0
0.48333333333333334
0.75
0.0
0.0
0.14285714285714285
0.0
0.5583333333333333
-0.5
0.440625
0.390625
-0.6875
0.375
0.5625
0.0
0.5
0.0
0.4
-0.1
0.0
0.25
-0.08333333333333333
0.6875
0.5
-0.25
-0.44999999999999996
0.19687500000000002
1.0
0.306640625
-0.29999999999999993
0.0
0.0
0.8
0.0
0.0
0.5
-0.22083333333333335
0.0
0.0
-0.2
0.03333333333333333
0.0
0.0
0.0
0.0
0.0
0.1
-0.19999999999999998
0.11534090909090909
0.4208333333333333
0.0
0.5
0.43915719696969696
0.425
0.5
0.0
0.43
0.13636363636363635
0.0
0.0
0.0
0.0
0.0
0.0
0.25
0.0
0.0
0.0
0.0
0.2
0.0
0.0
0.13636363636363635
0.6
0.5
0.0
0.0
0.2619047619047619
0.0
0.0
0.5369318181818181
0.0
0.55
0.75
0.13636363636363635
-0.175
0.06818181818181818
0.0
-0.125
0.0
0.35
-0.15555555555555559
-0.02121212121212122
0.5
0.0
0.0
0.8
0.0
0.2833333333333333
0.109375
0.19999999999999998
-0.53125
0.5083333333333333
-0.2
0.0
0.44999999999999996
0.475
0.5666666666666667
0.24375000000000002
0.024999999999999994
0.05
-0.6999999999999998
0.20261363636363638
0.55
-1.0
0.0
-0.5
0.5178571428571428
0.4166666666666667
0.0
0.8
0.0
0.21999999999999997
0.8
0.5
0.0
0.2916666666666667
0.0
0.5
0.5
0.1
0.8
0.5
-0.024999999999999994
0.5
1.0
0.3125
0.13636363636363635
-0.3125
0.5
0.0
0.0
0.4708333333333334
0.0
0.0
-0.375
-0.025
0.5
0.5
0.18333333333333335
0.25
-0.2
0.0
0.75
0.5
0.0
0.0
0.6083333333333333
0.0
-0.07142857142857142
0.0
0.2857142857142857
0.0
0.0
-0.5
0.13636363636363635
0.0
0.7000000000000001
0.2
0.0
-0.08333333333333333
0.0
-0.09574074074074075
0.39999999999999997
0.0
0.1
0.10000000000000003
0.2
-1.0
-0.4
0.35
-0.4
0.0
0.7
0.30000000000000004
1.0
0.0
0.4833333333333334
0.0
0.041666666666666664
-0.6999999999999998
0.5
0.0
0.0
0.0
0.0
0.0
0.0
0.2
0.2
0.033333333333333326
0.8
0.625
0.3984375
0.43333333333333335
0.0
0.15625
0.0
0.625
0.13333333333333333
0.0
0.0
0.0
0.7
0.07878787878787878
0.1919642857142857
-0.4
0.0
0.390625
0.35
0.0
0.625
0.4166666666666667
0.5
0.86875
0.0
0.6
0.625
0.1
0.5
1.0
0.5599999999999999
-0.15555555555555559
0.0
0.0
-0.2
0.0
0.1279296875
-0.15555555555555559
0.5
0.2
0.5
0.21212121212121213
0.3125
0.0
0.8
0.8
0.0
0.8
0.0
0.1583333333333333
0.44999999999999996
0.0
0.7
0.0
0.0
0.0
0.0
0.78125
0.0
0.0
1.0
0.5
0.0
1.0
0.0
0.25
0.13636363636363635
-0.2
0.0
0.0
0.0
0.0
0.4
-0.75
0.36190476190476195
0.26666666666666666
0.0
-0.1
-0.04114583333333334
0.25
-0.20833333333333334
0.0
0.0
0.625
0.3333333333333333
0.0
0.0
-0.6
0.5
0.25
-0.05
0.0
0.0
0.5
0.6666666666666666
-0.4
-0.1953125
-0.39375
0.25
-0.09375
0.0
0.25
0.1
0.0
0.13636363636363635
0.75
0.0
0.12083333333333333
0.5
0.0
-0.14583333333333334
0.13636363636363635
0.0
0.06666666666666667
0.2857142857142857
0.0
0.06666666666666665
0.5
0.4125
0.9
0.25
0.125
0.0
0.0
0.8
0.6796875
-0.1
0.0
0.0
0.0
0.26666666666666666
0.59765625
0.0
-0.07142857142857142
0.125
1.0
-0.09999999999999999
0.0
1.0
-0.1
-0.5
-0.1
0.13636363636363635
0.368125
0.5
0.1
0.0
0.25
0.65
-0.2101010101010101
0.0
0.07916666666666666
0.1
0.225
0.1
-0.03598484848484848
0.0
-0.5
0.1
0.0
0.078125
0.4
0.0
-0.1125
0.7083333333333334
0.0
0.0
-0.06614583333333335
0.0
1.0
0.0
1.0
0.0
0.0
0.26666666666666666
0.0
0.0625
0.0
0.42424242424242425
0.0
0.0
0.13636363636363635
-0.029761904761904767
0.23333333333333334
0.0
-0.36388888888888893
0.2
0.0
0.625
0.0
0.675
0.5
0.13636363636363635
-0.3
0.17424242424242423
-0.49189814814814814
0.0
0.6000000000000001
0.0
0.07083333333333333
0.0
0.0
0.41818181818181815
0.033333333333333326
0.175
-0.01666666666666668
-0.4
0.3
0.0
0.9375
-0.2091750841750842
0.0
0.0
0.22777777777777777
0.0
-0.25
-0.451953125
0.2
0.39999999999999997
0.0
0.0
0.0
0.0
0.5531250000000001
0.0
0.3385416666666667
0.6465277777777778
0.3333333333333333
0.2
0.7
0.2
0.25
0.0
0.0
0.4125
0.11818181818181818
-0.390625
-0.564375
-0.05000000000000002
0.4428571428571429
0.7
1.0
0.0
0.0
0.625
0.0
0.5
0.0
0.0
0.8333333333333334
0.2765151515151515
0.35
0.5
0.2595703125
0.0
0.0
0.16666666666666666
0.06875
1.0
0.7416666666666667
-0.06666666666666667
0.7
1.0
0.0
0.625
0.3125
0.14285714285714285
-0.2
0.6
0.0
0.3875
0.0
0.0
0.0
0.3333333333333333
0.0
0.5
0.0
0.09375
-0.04999999999999999
0.29545454545454547
0.08333333333333331
0.0
0.0
0.3541666666666667
-0.05
0.0
0.175
0.19999999999999998
-0.10763888888888891
0.5
0.3
0.4
0.0
0.8
1.0
0.6975446428571429
-0.8
0.6
0.4333333333333333
0.0
-0.15000000000000002
-0.5
0.26785714285714285
-0.5
-0.5625
1.0
0.3181818181818182
0.7
0.5833333333333334
0.5
0.0
0.13636363636363635
0.65
0.5
0.7
0.5
0.15000000000000002
0.0
-0.21666666666666667
0.0
0.5
0.2857142857142857
0.05
0.0
0.1875
-0.30000000000000004
0.0
