0.9571
0.743
0.9758
0.8398
-0.9485
0.93
-0.6369
0.0
-0.9313
0.9565
-0.9081
0.0
0.0
-0.7494
0.8668
0.9555
0.9426
0.0
0.0
-0.6597
0.9658
-0.9552
0.9517
-0.0516
0.9195
0.9348
0.0
-0.8168
0.4767
-0.8126
0.0
0.0
0.0
-0.7717
-0.7906
0.8908
0.7783
0.9719
0.9169
0.5859
0.0
-0.5859
0.9493
0.9927
0.0
0.93
0.9665
0.0
-0.802
0.4939
0.7345
0.9394
0.9741
0.0
-0.9877
0.25
0.9744
0.9396
0.34
-0.9073
0.9097
0.0
0.9911
-0.8755
0.0
0.0
0.0
-0.5859
-0.8286
0.2263
-0.8271
0.0
-0.91
-0.9256
0.9808
0.9469
-0.884
0.0
-0.9526
0.9246
0.0
-0.6808
0.0
0.0
0.8553
0.9312
0.0
0.0
0.9136
0.9757
0.872
0.908
0.956
-0.3818
0.9006
0.0
-0.927
0.8225
-0.8728
0.9393
0.8602
0.98
0.944
0.0
0.0
0.9465
0.0
-0.9763
0.0
-0.9844
0.7717
0.0
-0.9552
-0.8271
-0.8934
0.0
0.9314
0.0
0.7783
0.5267
0.9915
-0.9824
0.9788
0.9648
0.0
0.0258
0.0
-0.9612
0.0
0.9367
0.0
0.0
0.0
-0.9292
-0.8458
0.8481
-0.9773
0.6476
-0.872
0.9003
0.9477
0.0
0.9191
0.0
0.8331
0.9611
0.0
0.0
0.0
0.0
0.0
0.0
-0.8885
0.128
-0.926
0.9485
-0.9583
-0.967
-0.9758
0.7413
0.0
0.9006
0.8934
0.9217
-0.7163
-0.8885
0.6619
-0.8979
-0.8658
-0.9899
-0.7845
-0.7506
0.0
-0.9647
-0.93
0.0
0.9598
-0.8585
-0.9468
0.9643
0.9666
0.0
0.5972
0.8519
-0.9022
-0.941
0.8906
0.8655
0.0
-0.4927
0.9244
0.0
0.0
0.9334
0.0
0.0
-0.8885
-0.8176
0.8591
-0.9642
0.9449
0.9567
-0.7717
0.0
0.9639
0.8951
0.98
0.9219
0.938
0.6407
0.0
0.0
-0.6115
-0.8638
0.8143
0.0
0.9582
0.0
0.0
0.8807
0.0
0.0
0.0
0.8659
-0.8176
0.0
0.0
0.0
0.0
0.0
-0.7783
0.9086
0.0
-0.9441
0.9468
0.8896
-0.9308
0.0
0.9623
0.7964
0.4101
-0.9652
-0.9348
0.8891
-0.9713
-0.5267
-0.8932
0.0
0.2663
0.0
-0.8689
0.8143
0.9322
0.3612
0.0
-0.9443
0.0
0.9719
0.0
-0.835
-0.9406
0.8885
0.0
0.8668
0.9531
0.0
0.0
0.9485
0.891
-0.931
-0.9313
0.3612
-0.8176
0.0
0.0
0.0
0.9422
0.9746
0.0
0.0
0.969
0.9565
-0.9442
-0.9291
-0.886
0.9468
0.9509
0.9251
0.7579
0.5423
0.9657
0.9399
0.913
0.9151
-0.5267
0.9625
0.4939
-0.7717
-0.9502
0.0
-0.8283
0.7088
-0.6597
0.9139
0.7906
0.6249
0.6369
0.8712
0.865
-0.8775
0.5423
0.0
-0.5267
0.2023
0.0
0.0
0.729
0.0
-0.743
0.9046
0.0
0.7845
0.0
0.5875
-0.8221
0.0
0.0
0.0
0.7482
0.821
0.9191
-0.4391
-0.7773
0.0
0.7865
0.0
0.0
0.8926
-0.5667
0.8834
0.7156
-0.3612
-0.4137
-0.8402
-0.3612
0.0
0.0
0.5267
0.0
-0.6362
-0.836
-0.4939
-0.836
0.0
-0.6369
0.0
0.8625
0.0
-0.875
-0.5423
-0.5574
0.7378
-0.0772
0.8854
-0.5994
-0.4215
0.0
0.5256
0.0
-0.7906
0.0
0.0
-0.4215
0.8854
0.8122
-0.2363
0.0
-0.5574
0.0
-0.908
0.6671
0.8555
-0.68
0.8478
-0.6808
0.8126
0.0258
0.6682
0.891
0.0
0.0
0.7964
-0.2732
0.934
0.6369
0.0
0.0
0.8225
-0.3182
-0.7717
0.7783
0.8555
0.8555
0.0
0.3266
0.7351
0.0
-0.7184
0.694
0.0
-0.296
0.0
0.928
0.0
0.5106
-0.6808
-0.5095
-0.6124
0.9118
0.0
-0.5423
0.0
-0.0979
0.0
0.8805
0.743
-0.6908
-0.6705
0.0
0.0
-0.3412
-0.5197
0.9182
0.4019
0.8074
-0.0772
0.0
0.802
-0.5423
0.8395
-0.7121
0.6808
0.0
0.891
0.7964
0.0
0.0
0.0
0.87
0.0
0.34
-0.296
0.0
-0.3612
0.9423
0.0
0.8655
0.0
-0.6597
0.0
0.4215
-0.7498
-0.5423
-0.4717
-0.6486
0.7734
0.0
0.0
-0.5096
-0.4215
-0.4023
-0.5574
0.0
-0.3818
0.296
0.0
0.4588
0.7184
0.8516
0.0
0.4588
0.0772
0.0
-0.2148
0.9081
-0.7783
0.0
0.7783
0.4215
0.8409
0.8316
-0.7579
0.0
-0.4877
0.0
-0.4404
0.0
-0.743
0.0
0.7739
0.0
0.9616
0.0
0.9324
-0.8395
0.0
0.8122
0.956
-0.6688
0.8506
-0.7739
0.9066
-0.4588
0.0
0.0
0.0
-0.7845
-0.1531
0.6166
0.0
0.0
-0.7375
-0.6096
-0.5719
0.5972
0.0
0.0
-0.5994
0.0
0.0
-0.4404
0.8353
0.0
-0.7003
0.0
0.8769
0.4404
-0.7911
0.4205
-0.6114
0.7707
0.7579
-0.765
0.886
0.8481
0.875
0.0
0.0
-0.4404
0.0
-0.2023
0.0
-0.296
0.0
0.836
0.0
-0.1975
0.8283
0.7096
0.0
0.7418
0.6825
0.0
0.0
0.6696
-0.3818
-0.6705
0.0
-0.2732
0.8655
0.0
0.851
0.0
-0.128
0.8271
0.807
0.7431
0.9407
0.0
0.5423
-0.2263
0.872
0.5859
0.0
-0.6597
0.0
0.0
0.8139
-0.8993
0.7406
0.0
-0.5719
-0.6204
-0.8842
-0.7346
0.8373
-0.6597
0.0
0.0
0.0
0.7003
0.7003
0.7345
0.34
-0.4986
0.0
-0.5719
-0.6911
0.0
0.0
0.6369
-0.7096
0.0
-0.34
0.6249
-0.3612
0.0
0.6597
0.6249
0.0
-0.4215
-0.6705
0.7494
0.0
0.8591
-0.128
0.0
0.3612
0.5859
0.0
0.8396
0.0
0.9136
-0.5859
0.4939
-0.5983
0.8743
0.0
-0.5255
0.0
0.4404
-0.8834
0.0
-0.8519
0.4927
-0.3707
-0.4767
0.8065
0.7579
-0.2975
0.4753
0.5562
0.0
-0.6124
0.0
0.6486
0.743
0.0
-0.2249
0.0
0.0
0.4404
0.0
-0.6808
-0.6597
0.4588
0.4926
0.7263
0.6696
-0.2732
-0.4019
0.6486
0.8807
-0.5848
0.0
0.5562
0.0
0.0
0.0
0.7693
0.0
0.4588
0.5994
0.0
0.4926
-0.3595
0.4404
0.7717
-0.3612
0.5267
-0.8503
0.0
0.6369
-0.34
0.4019
0.8963
0.6368
0.0
0.8126
0.4588
0.6103
0.7783
-0.7506
0.0
0.5707
0.0
0.4215
0.0
-0.1027
0.9611
0.0
-0.7351
-0.5719
0.7978
0.0258
0.0
0.4003
-0.8058
0.0
-0.807
-0.8875
0.0
-0.5106
-0.1511
-0.7767
-0.7579
0.4084
0.7233
0.7269
0.7845
0.8271
0.6697
-0.5423
-0.2732
-0.802
0.7916
-0.908
-0.3088
0.8338
-0.8168
0.8165
-0.4588
-0.5859
-0.8709
-0.7886
0.7249
0.8573
0.8858
0.5093
0.4749
0.7351
-0.9001
-0.8519
0.0
0.8091
0.8122
-0.6652
-0.4019
-0.296
-0.2023
-0.4767
0.5743
0.1531
0.0
0.7263
-0.6369
-0.4576
-0.4019
0.0
0.0
-0.7845
0.4753
-0.1531
0.0
0.4314
-0.5719
-0.6705
0.4588
0.4588
0.0
0.0
0.5994
0.8214
-0.5423
0.0
0.0
-0.4767
-0.1027
-0.2003
0.624
0.4019
-0.4404
-0.4404
0.5551
-0.7783
0.886
-0.0772
0.765
0.0
0.0
0.4753
-0.3818
-0.6124
0.3612
-0.5096
0.0
0.0
0.7384
0.802
-0.5423
-0.8481
0.0
-0.4019
-0.4767
0.0
0.8928
0.0
0.7964
0.5551
-0.7719
-0.0772
0.8126
0.0
0.902
0.6892
0.6988
-0.6369
0.8558
-0.4404
0.0
0.7978
0.6369
0.8172
0.6588
0.6705
0.3612
0.6249
0.4404
0.5401
0.4588
0.6229
0.2023
0.4927
0.8949
0.4404
-0.6908
0.4995
-0.2927
0.7983
0.6369
0.626
0.8317
-0.4404
0.3612
0.6114
-0.4767
-0.7579
0.3802
0.5994
-0.9661
-0.6705
0.2091
0.296
0.4753
0.5244
0.3612
0.4404
0.4019
0.6696
-0.3818
-0.5859
0.5267
-0.2411
-0.6124
-0.717
0.5719
0.8264
0.3365
0.6467
0.2263
0.4215
0.5411
0.4939
0.4019
0.6115
-0.3802
0.8591
0.2263
0.8687
-0.6114
0.7481
-0.5423
-0.7269
-0.5707
-0.5106
-0.7717
0.6966
0.9015
0.4404
0.4926
0.7772
0.4753
0.9084
0.5893
-0.504
0.68
-0.2023
0.8151
0.7783
0.4926
0.5859
0.368
0.4588
0.7579
0.7574
0.7865
0.555
0.8516
0.4404
0.6892
-0.7579
-0.7264
0.6588
-0.6696
-0.5719
0.507
0.5994
0.4588
0.4588
-0.5267
0.4588
0.1506
0.8313
0.3182
0.7906
0.7906
0.8126
-0.4767
0.6369
0.3182
-0.5106
0.4199
-0.25
0.6369
0.7269
-0.4824
-0.802
0.3612
0.6103
0.6369
-0.4215
0.8338
0.296
0.4019
0.3182
0.8047
0.2481
0.4168
0.5562
0.6929
0.5093
-0.802
0.91
0.296
0.6696
0.4588
0.4084
0.8832
0.4753
0.7755
0.7684
-0.4939
-0.658
0.3818
0.6124
-0.2732
0.5106
0.3612
0.7213
0.5719
0.8439
0.4404
0.4588
0.4588
0.4199
0.931
0.4857
0.6166
0.5013
0.4404
0.8313
0.9081
0.169
0.4404
-0.5122
0.8176
-0.5106
0.4576
0.5962
0.8655
-0.6124
-0.4767
0.8997
0.9042
0.7845
-0.4767
-0.3182
0.3612
-0.4926
0.7783
0.9167
0.9081
-0.3875
0.4215
0.7383
0.6369
0.8788
0.4588
0.34
0.2263
0.5572
-0.5255
0.4215
-0.5574
-0.7717
0.6248
0.7603
-0.925
-0.5756
0.872
0.5423
0.4215
0.4215
-0.2732
0.4926
0.296
0.3612
0.1969
-0.2006
0.4753
0.2263
0.6114
0.5719
-0.7876
-0.6369
0.4767
-0.1154
0.5399
0.6458
0.5242
0.5893
0.4019
0.5859
0.9251
-0.6124
-0.2225
-0.1531
0.7177
0.7345
-0.296
-0.4588
0.8225
0.4588
0.4404
0.3182
-0.4404
0.484
0.4019
-0.4374
0.6696
0.4215
0.5399
0.4199
0.8777
-0.128
0.8074
0.3547
0.5255
0.6535
0.6486
0.2444
0.4215
0.7835
-0.5714
0.7283
0.296
0.6369
-0.4077
-0.128
-0.3382
0.636
0.6369
-0.25
0.6476
0.8433
0.34
0.6588
0.4404
0.6249
0.9136
0.6369
0.75
0.6996
0.6696
0.7184
0.3612
0.8176
0.7153
-0.3818
0.5256
0.6249
0.4404
0.7925
-0.7088
0.8555
0.796
0.25
0.8083
0.4215
-0.4939
0.4199
0.4165
-0.5837
-0.4927
-0.2193
0.7184
0.4588
0.7901
0.7712
0.4184
0.4588
0.5859
0.7177
0.7639
0.3612
0.4995
0.2235
0.6369
-0.5216
0.5319
0.7163
-0.4404
0.2732
0.7574
-0.4404
0.9076
0.8519
0.8516
0.5574
0.5983
0.4738
0.745
-0.5848
-0.6027
0.204
0.6229
0.6884
0.7494
0.3182
0.6933
0.4926
-0.4404
0.8455
-0.3595
0.6531
0.9072
0.2481
0.4588
0.8743
-0.5684
0.82
0.6689
-0.7027
0.7506
0.5171
-0.4055
0.5106
0.4464
0.658
0.7568
0.7126
0.6688
0.658
0.6239
0.7707
0.5267
0.4215
0.5719
-0.7845
0.5093
0.5719
0.6369
0.4939
0.4003
-0.3045
0.5994
-0.6486
0.5213
0.6996
0.8999
0.743
0.4588
0.3421
0.7744
0.743
0.4588
-0.5707
0.4019
0.5859
0.4329
0.5267
0.4404
-0.5178
-0.4404
0.3612
0.4019
0.765
0.765
0.9345
0.7338
0.8302
-0.4404
0.296
0.296
-0.8124
-0.6244
0.7269
-0.5859
0.6369
-0.1943
-0.6369
0.4588
0.3182
0.8402
0.6249
0.0982
-0.5908
0.0644
-0.636
-0.1779
0.6239
-0.3818
0.6249
-0.3818
0.8111
0.4003
0.3612
0.5267
0.8143
-0.4767
0.5093
0.4926
0.7579
0.3382
-0.6476
0.2144
0.7574
0.5106
0.6239
-0.4939
0.4574
-0.2828
0.5972
0.9379
0.34
0.1531
-0.128
0.3612
-0.5994
0.6369
0.6841
0.6841
-0.765
0.9517
-0.5267
0.4215
0.7579
0.3612
0.7574
-0.3818
0.6369
0.4995
-0.6808
-0.5574
-0.2263
-0.4939
-0.4588
0.8316
-0.6908
-0.2732
0.4019
-0.3612
-0.8588
0.3612
0.7339
0.6114
-0.2338
0.6369
0.8398
-0.2714
0.6369
0.5707
0.4561
0.3786
0.5242
-0.5574
-0.6476
-0.5106
-0.5267
0.5719
0.4939
0.2263
0.4549
0.3612
0.4588
0.7896
0.4588
0.2023
-0.6486
0.7351
0.5859
-0.4767
-0.5574
0.5859
0.7063
0.7202
0.7003
-0.0654
0.6808
0.4926
0.2714
0.7345
0.1078
-0.3818
-0.1511
-0.5426
-0.4199
-0.4767
0.6369
0.6973
0.8715
0.8168
0.4574
0.4019
0.8127
0.6114
-0.6808
0.8673
0.6808
0.7184
0.4215
0.8074
0.6322
0.7104
0.6166
-0.296
0.659
-0.9118
0.3802
-0.4404
0.7351
0.891
0.8677
-0.5267
0.4003
0.3612
-0.4726
0.7906
-0.6486
0.3612
-0.6808
-0.4357
-0.1779
-0.7964
0.7959
0.34
0.4574
0.5255
0.8858
0.6152
0.1531
0.8217
0.7644
0.4389
-0.0377
0.6249
0.729
-0.5386
0.7269
0.4588
0.2732
-0.802
-0.296
-0.296
-0.4357
0.5423
-0.3612
0.6588
-0.2023
0.3612
0.6697
0.8475
-0.296
0.8395
-0.9199
0.6696
0.3182
0.4019
-0.1078
0.4019
0.7249
-0.5994
-0.3875
0.6124
-0.296
0.7125
0.257
0.5106
0.7906
-0.296
0.7096
0.2263
0.4215
0.9449
0.9522
0.9562
0.9597
0.9597
0.9518
0.8697
0.9
0.906
0.9115
0.9165
-0.9183
-0.9393
-0.9449
-0.9499
-0.9499
-0.9266
-0.8513
-0.8797
-0.8945
-0.9069
-0.9069
0.8118
0.8506
0.8705
0.8869
0.8869
0.9059
0.9674
0.9754
0.9769
0.9783
0.9783
0.8684
0.8926
0.9052
0.9158
0.9158
0.8684
0.8757
0.8877
0.8947
0.9011
0.907
0.895
-0.8829
-0.9169
-0.9258
-0.9333
-0.9333
-0.8997
-0.9369
-0.9569
-0.9604
-0.9634
-0.9634
-0.7955
0.7835
0.7925
0.8233
0.8482
0.8482
0.8007
0.4404
0.911
-0.5719
0.6369
0.1685
-0.2846
-0.6124
0.9313
0.4215
0.4215
0.7783
0.295
0.6486
0.3699
0.4588
-0.4404
-0.4019
-0.4215
0.3612
0.2732
0.5562
0.858
0.431
-0.3412
0.1511
0.6369
0.4588
0.1697
-0.5719
0.6114
0.6983
0.3597
0.7125
0.1548
-0.7964
0.3612
0.6597
0.3544
-0.7543
-0.5719
0.6369
-0.8316
0.6514
0.4588
0.6705
0.7901
0.3818
0.296
0.6808
-0.3374
0.6597
0.4101
0.7964
0.8952
0.3182
0.4215
0.7579
0.4019
0.5994
0.4939
0.2732
0.2942
0.8016
-0.2023
0.6705
0.4926
0.5719
0.6808
0.745
0.5106
-0.5499
0.8979
0.8478
0.4588
0.6908
0.3999
0.7684
0.5983
0.4926
0.749
-0.2994
0.4753
0.6696
0.34
0.057
0.8034
-0.5719
-0.5242
0.4404
0.3291
0.5423
0.4939
0.466
0.3436
0.6514
0.25
0.7896
0.8718
0.6369
0.6908
0.3382
0.4588
0.4588
-0.25
-0.6114
0.8436
0.6808
-0.8176
0.357
0.4795
0.8845
0.7579
0.7034
0.8503
-0.5267
0.6988
0.8349
-0.296
-0.5707
-0.5859
0.6369
0.5499
0.743
0.724
0.7761
0.555
0.5106
0.6239
-0.5423
0.2732
-0.6124
0.884
0.624
-0.3919
0.7258
0.4767
-0.3612
0.4404
0.5423
0.6369
-0.5267
0.4926
0.6369
-0.4019
-0.34
-0.2263
0.6486
0.6249
0.3182
0.6808
0.6239
0.5319
0.4019
0.5423
0.6694
0.8779
0.6249
0.8402
0.4601
-0.8999
-0.6124
-0.7717
0.4939
-0.25
0.6369
-0.3818
0.8338
0.5267
0.7119
0.3174
0.5574
-0.4767
-0.7964
0.729
0.5267
0.5859
-0.4404
0.5562
0.659
-0.4201
-0.3182
0.1779
0.4215
-0.5374
0.4767
0.4588
0.7978
-0.7469
0.4926
0.8738
0.4404
0.91
0.7579
0.9217
0.4664
0.4926
-0.8888
0.6908
-0.25
0.4144
0.9091
0.9081
0.5859
0.5927
0.9274
-0.7998
0.8807
-0.4515
0.126
0.6351
-0.8442
0.5106
-0.755
0.25
-0.4939
-0.6901
-0.296
0.5267
-0.508
-0.2732
-0.2732
0.3182
0.4926
-0.3252
0.6351
0.68
0.5449
0.6893
-0.566
0.8673
0.9228
-0.4696
0.34
0.4404
-0.25
-0.3761
0.4215
0.4215
0.7506
-0.296
-0.2484
0.4084
0.4404
0.5994
-0.4019
-0.296
-0.34
0.4588
-0.5994
0.7717
-0.8481
-0.25
0.6369
0.6696
0.3164
0.7156
-0.784
0.7488
0.4053
0.6369
0.6249
-0.4767
0.8687
-0.5423
-0.69
0.8011
0.4019
-0.296
0.2481
0.6322
-0.34
0.4926
-0.6652
-0.7184
-0.1531
-0.3802
-0.6597
0.6114
0.6239
0.8126
-0.7351
-0.1779
-0.7906
0.7579
0.5319
0.4215
0.8481
-0.7096
-0.4019
0.5707
0.8261
0.8619
0.6114
-0.5859
0.5453
-0.3689
-0.69
0.4574
0.6892
-0.4184
-0.6486
0.4767
-0.4404
0.6124
0.4019
0.7311
-0.5029
0.871
-0.4404
0.7028
-0.5502
0.7003
0.8906
0.8091
0.4084
0.7263
-0.6093
0.792
-0.5859
0.8945
0.5499
-0.1531
-0.4574
0.2828
0.6908
0.5707
0.636
0.2714
0.4574
-0.357
0.7777
-0.717
-0.7824
-0.8151
-0.8416
-0.8416
-0.7901
-0.8468
-0.8576
-0.8674
-0.8762
0.8283
0.8468
0.8576
0.8674
0.8762
0.9075
0.9246
0.9389
0.9389
0.9389
0.9652
0.976
0.9775
0.9789
0.9752
0.9617
-0.9701
-0.9807
-0.9828
-0.9828
-0.9828
-0.9557
0.8283
0.8468
0.8576
0.8674
0.8762
0.9418
0.9472
0.9539
0.9559
0.9559
0.9388
-0.8436
-0.9087
-0.9188
-0.9274
-0.9274
-0.8726
0.9291
0.9488
0.9511
0.9533
0.9553
-0.7901
-0.8468
-0.8576
-0.8674
-0.8762
0.5106
0.4939
0.4199
0.25
0.4588
0.6908
0.2732
0.34
0.3919
0.1779
0.4215
0.6486
0.3612
0.5255
0.1761
0.296
0.8402
-0.4404
-0.3612
-0.1655
0.7745
-0.4199
0.7371
0.8172
0.508
0.3182
-0.8386
-0.7964
0.1935
-0.7673
0.6346
0.6369
-0.3612
0.7003
0.3612
-0.1877
0.6369
0.7631
0.4574
0.4404
-0.1779
0.3612
0.4404
-0.3612
-0.4215
0.6351
-0.4019
0.5093
0.6992
-0.1511
0.7424
0.5983
0.8687
0.6679
0.6461
-0.3612
-0.2732
0.4574
-0.1779
0.4767
0.2235
0.2382
0.6369
-0.7906
0.6917
0.0957
0.1531
0.743
0.5707
0.9259
0.3485
0.659
-0.4005
0.9117
0.4015
0.2263
0.8384
0.5093
0.5859
-0.25
0.7351
0.8268
0.5423
0.4404
0.4404
0.659
0.7906
0.1513
0.9413
0.6124
0.5106
0.5095
0.7184
0.7235
0.6369
0.5106
0.2023
0.4404
0.5106
-0.38
0.4939
0.3182
0.636
0.5093
0.4389
-0.2732
0.2942
-0.1779
0.4019
0.4404
-0.5106
0.5859
0.4997
-0.4215
0.1511
-0.296
0.5719
0.8271
0.9136
0.6249
0.8467
-0.6369
0.9392
-0.6705
0.4215
0.6361
0.5574
0.7088
0.1779
0.4019
-0.3182
-0.7783
0.8217
0.7219
0.8553
0.8122
0.7096
0.5399
-0.296
-0.4404
0.4939
0.4939
0.5171
0.4939
-0.7998
0.7034
0.5093
0.6369
0.5399
0.7717
0.5093
0.7633
0.6369
0.7184
0.7424
0.8599
0.4404
0.8602
0.9186
0.4588
0.4404
0.7959
0.4314
0.7906
0.3818
-0.3703
0.6249
0.7184
0.4404
0.4588
0.6682
0.6908
0.7712
0.5059
0.4215
-0.1779
-0.639
0.8402
0.9015
-0.1779
0.5859
0.8807
0.6249
0.4939
0.2942
-0.2516
0.3884
-0.34
0.8126
-0.5267
-0.4728
-0.4215
0.5023
0.6145
-0.5904
0.3612
0.4559
0.4019
0.8832
0.5994
0.4926
0.6486
0.4588
-0.6364
0.8439
0.1197
0.6124
0.857
0.6588
0.8455
0.7361
0.636
-0.1511
-0.1571
-0.2076
0.855
0.4939
-0.5606
0.2914
0.7177
-0.5984
0.6114
0.5106
0.555
0.5093
0.7257
0.2263
0.8555
0.5423
0.2003
0.6124
-0.34
0.6124
-0.4574
0.4588
0.4926
0.6419
-0.807
0.68
0.296
-0.5719
0.6369
0.6808
0.2732
-0.4019
0.4767
0.4019
0.5974
0.168
0.4017
0.8636
-0.3612
-0.5574
0.4404
0.4404
-0.8356
0.9302
0.6588
0.8236
0.6696
0.5837
0.6124
-0.5423
0.7345
0.9098
0.4404
-0.5267
-0.7184
0.743
0.6369
0.5411
0.5719
0.765
0.4404
-0.5267
0.4939
0.4019
0.7003
0.6249
0.4939
0.8572
0.6588
0.5242
0.5093
0.6239
0.6887
0.4201
0.4753
-0.296
0.3182
0.4404
0.8313
0.3184
-0.296
0.6908
-0.5242
-0.2732
-0.1531
0.2023
0.4404
-0.3089
0.8472
0.2732
-0.2263
0.4404
-0.4019
0.7326
-0.7964
0.4926
0.765
0.658
0.4588
-0.4215
0.6369
-0.4215
0.6908
0.4019
-0.4404
-0.4588
0.431
0.3612
0.4019
0.4199
0.4404
0.6908
0.5983
0.4215
-0.6705
0.4927
0.818
0.5972
0.4404
0.3182
0.4939
0.6411
0.6996
0.5093
0.7574
-0.8395
-0.891
-0.9039
-0.9147
-0.9147
-0.851
-0.807
-0.8286
-0.8412
-0.8525
-0.8628
-0.8217
0.6633
-0.1779
0.4753
0.3595
-0.7783
0.4184
-0.5893
-0.4018
0.811
-0.4215
0.4199
0.7003
0.5093
-0.4019
0.5411
0.7956
0.6369
0.7922
-0.1531
0.8585
0.7964
0.5994
0.5093
0.3595
0.3578
0.6476
0.5766
0.8387
0.6369
-0.3818
-0.4019
0.1511
-0.5719
0.5874
0.6072
-0.1232
0.34
0.3182
-0.5473
0.6114
-0.2263
0.6553
0.6166
0.5983
0.7068
-0.296
0.6124
0.5696
0.4145
0.3725
0.4374
-0.4848
-0.396
0.8087
-0.5255
-0.4805
0.4588
-0.5859
-0.6239
-0.7121
0.6633
-0.34
0.6588
0.8126
0.6588
0.8217
0.4389
0.807
-0.4449
0.796
0.7269
-0.1531
0.7597
-0.296
-0.1449
0.9156
0.8555
0.25
0.4019
0.8386
0.2732
0.5562
-0.6005
0.5255
-0.6037
0.7717
0.636
0.4939
-0.3612
0.6369
-0.7579
-0.3182
-0.128
0.8328
0.3612
0.4215
0.2973
-0.2714
0.7184
0.3197
-0.6597
0.8498
0.507
-0.8225
-0.25
0.4588
0.2732
0.8807
-0.296
-0.4753
-0.6658
0.9245
0.7163
-0.4939
0.6588
-0.6948
0.3612
0.8313
0.8442
0.2023
0.7506
0.1779
-0.8803
0.2263
0.4588
0.6467
0.6369
0.8658
0.3802
0.4404
0.3182
0.8074
0.457
0.4019
0.7506
0.9158
0.7991
-0.867
-0.7269
0.5983
0.5093
0.4767
0.5165
0.4588
-0.6476
0.1531
0.6467
0.3595
0.5413
-0.3818
-0.2716
0.5242
0.6696
0.3382
0.875
-0.296
0.6249
0.5106
0.8901
0.5279
-0.5267
-0.7717
0.8074
0.7437
0.5584
-0.6486
0.3595
0.3612
0.6808
0.1779
0.3818
0.2023
0.3818
0.4389
0.7717
0.2023
0.6187
0.2023
0.3818
0.3818
0.3818
0.2023
0.8226
-0.25
0.5473
-0.3595
-0.5574
0.3182
0.2732
-0.4329
-0.4404
-0.2942
0.6908
0.4491
0.4404
0.4404
-0.296
0.4404
0.765
0.9136
0.7177
0.7845
-0.7519
0.7579
0.4939
0.2244
0.3164
0.1511
0.5707
0.5411
-0.2481
0.6209
-0.631
-0.5871
0.7432
0.2023
-0.6351
-0.34
-0.68
-0.6731
0.6239
0.4588
-0.1792
0.6124
0.7752
0.7184
-0.699
-0.6322
0.6296
0.2732
0.5267
-0.296
0.6033
0.5859
-0.4767
0.4215
-0.7327
0.4019
0.25
-0.1531
0.4404
-0.4767
-0.128
-0.6124
0.3612
0.8462
-0.3818
0.4404
0.6705
-0.3034
-0.2411
0.8439
-0.2732
0.8185
-0.6486
0.5106
-0.34
0.8999
-0.5719
0.5719
0.5093
0.5242
-0.7469
-0.5255
0.883
0.8221
0.1477
0.4926
0.6802
-0.474
0.7096
-0.3182
-0.5267
0.5411
0.5994
0.508
0.5848
0.9001
0.4939
0.9039
0.5093
0.8725
0.6985
0.5893
0.7184
0.335
-0.2003
0.6103
0.6249
0.1803
0.8918
-0.7506
0.8748
0.5994
0.5574
0.9184
0.9225
-0.4874
0.9313
-0.8605
0.5719
0.7579
0.6239
-0.4588
0.5423
0.6369
0.3182
-0.2263
0.4019
0.3612
0.807
-0.7964
0.745
0.7906
0.8042
0.5267
0.7808
-0.3818
-0.5423
0.1531
0.4084
0.7574
0.8779
0.4404
0.8986
-0.631
0.75
-0.1531
0.7482
0.7088
-0.5562
-0.7096
0.8016
-0.4019
0.6124
0.5949
0.6696
0.6077
0.6369
0.3804
-0.4767
0.8248
0.5719
0.5672
0.4926
0.4926
-0.2732
0.3612
0.7684
0.4019
0.6239
0.2382
-0.1695
0.7783
0.2522
-0.6486
0.5046
-0.1531
0.296
0.4767
0.6114
0.3769
0.4215
0.5242
0.4199
0.3578
0.5106
-0.8188
0.784
-0.6749
-0.1531
0.4329
-0.34
0.9089
0.5399
-0.7941
0.7256
0.8148
0.4199
0.3612
0.555
-0.296
0.3786
0.4215
0.3102
0.664
0.5106
0.4215
0.9543
0.4404
0.2023
0.6114
0.9288
-0.34
0.6124
0.3612
0.8176
0.4404
0.128
0.802
-0.9164
0.6124
0.6369
0.8619
-0.6486
0.7269
-0.8553
-0.4404
0.7959
0.4404
0.2028
0.7371
-0.296
-0.7762
-0.6588
0.6705
0.6988
0.3382
0.6369
0.4939
-0.4576
0.5411
0.5826
0.8992
0.6514
-0.3365
0.4588
-0.6597
0.5766
-0.5719
-0.6985
-0.296
-0.5423
0.908
-0.5423
0.4404
0.4201
0.802
0.765
-0.6124
-0.4715
0.5859
0.3612
0.5093
-0.1511
0.7644
0.7845
0.6808
0.4588
0.4588
0.2103
0.7964
0.1779
0.4588
0.5106
0.6369
0.4648
0.508
0.915
-0.765
-0.5095
-0.4323
-0.743
0.6369
0.4215
0.6124
0.2263
0.5574
0.8271
0.5859
-0.4404
0.0066
0.8772
0.807
0.6467
0.3612
0.2023
0.8658
-0.126
0.3987
0.4462
0.871
0.5984
0.3612
0.8658
-0.6377
0.4404
0.4019
0.3612
0.7579
0.7339
0.765
0.4939
0.7506
0.7964
0.296
0.5267
0.6249
0.6705
0.3885
-0.5093
0.7835
0.872
-0.4926
0.68
0.855
0.4215
0.4019
0.6652
0.431
0.7506
0.8402
0.7003
-0.5319
0.5859
0.8995
0.296
0.6808
0.8342
0.5175
-0.636
0.6124
0.6514
-0.5815
-0.6597
0.7906
-0.594
0.6249
-0.7184
0.7345
-0.4767
0.3612
0.4939
-0.1548
0.4404
0.6792
0.7639
0.4019
0.5719
-0.0547
0.2732
-0.4019
0.3786
-0.2023
0.5777
-0.4215
0.5879
-0.5754
0.4019
0.3612
0.6196
-0.5859
-0.34
0.6656
-0.128
0.729
0.4927
0.5719
0.7622
-0.7256
0.6369
0.6739
-0.7003
0.4019
-0.5574
0.541
-0.2808
-0.8126
0.5719
0.7199
-0.2023
0.4404
0.2755
0.4753
-0.5848
-0.1232
0.4497
-0.5423
0.4404
0.5473
-0.5574
0.3612
0.126
-0.1779
0.4926
-0.5423
0.4404
0.5106
0.1739
0.4926
0.4404
0.6249
-0.7003
0.924
-0.2755
0.8588
0.9274
0.9562
0.7959
0.4588
0.6597
-0.75
0.7003
0.4574
0.4215
-0.5574
0.9286
0.6187
0.8402
0.4404
0.8555
0.6996
0.4588
0.4404
0.6361
0.7684
0.4926
-0.3182
0.4754
0.5423
0.765
0.4767
0.9452
0.9524
0.9564
0.9599
0.9599
0.95
0.95
0.4236
-0.1779
0.8038
-0.8519
0.4215
0.6588
0.5859
-0.3818
0.3612
0.0387
0.7506
0.69
0.3818
-0.2481
0.7959
0.9242
0.4588
0.9771
0.7925
-0.8402
0.5267
-0.6597
0.3182
-0.4588
0.6124
0.6166
0.49
-0.2411
0.6628
0.9008
-0.6369
0.347
0.6369
0.0387
0.886
0.25
0.6588
-0.8738
0.4404
0.8955
0.8555
0.5267
0.8402
0.4215
0.8836
0.8002
0.6249
0.8271
-0.5106
-0.4574
-0.3818
0.6114
0.8884
0.4926
-0.5622
-0.3595
0.6369
-0.7154
0.8619
-0.7574
0.6476
-0.34
0.658
0.2263
0.2492
0.8832
0.3612
0.5994
0.7003
0.4215
0.1943
-0.6369
0.25
0.1779
-0.5106
0.6249
0.4927
0.3182
-0.5423
0.4019
0.6705
0.4588
-0.6486
0.1531
0.8891
0.6249
0.5696
0.7845
-0.25
0.5719
0.6249
0.4215
0.7269
-0.3578
0.465
-0.4767
0.4588
0.7345
0.6166
0.8316
0.8442
-0.8976
0.7574
0.6204
0.5859
-0.7286
-0.6249
-0.5754
-0.4404
0.7125
0.4278
0.1531
0.8585
0.6239
-0.4767
-0.872
-0.2247
-0.2263
-0.765
0.6166
0.8283
0.765
-0.4199
0.6166
-0.1531
-0.4404
-0.2732
-0.5719
0.8834
-0.0387
-0.6705
-0.4404
-0.7184
0.6114
0.7418
0.765
0.3818
0.7955
0.6841
0.4877
0.4215
0.7034
-0.5267
0.6249
0.5859
0.296
0.2789
-0.4019
-0.6486
-0.4019
0.5269
-0.296
0.296
0.5255
0.5093
0.5707
0.8883
0.2382
-0.3252
-0.5719
-0.4902
-0.4549
0.8957
0.6249
0.4019
-0.7906
0.4522
0.6808
0.4019
-0.6597
0.5106
0.7506
0.4576
0.3802
0.4753
0.6588
0.7003
0.6588
0.8126
0.6705
0.4404
0.6114
0.8625
0.2942
0.5859
0.1759
0.6319
-0.5897
0.8832
0.555
0.4574
-0.2942
-0.2023
0.915
-0.1531
-0.1611
0.9128
-0.4767
-0.5423
0.8881
0.5574
-0.3535
0.7574
0.5994
0.4939
0.2263
0.7067
0.2263
0.4926
-0.4019
-0.69
-0.8313
-0.4902
-0.6887
0.4926
0.1759
-0.3612
0.5719
-0.4767
0.4215
0.5106
0.3612
-0.3818
-0.4019
-0.296
0.6597
0.7269
0.7639
-0.34
0.4215
-0.6486
0.9042
0.6186
0.7574
0.6114
0.9089
0.4753
-0.4939
-0.7184
0.891
-0.6808
-0.8188
-0.2124
0.8398
0.7096
0.6995
0.5919
0.4215
0.2244
-0.3612
0.4753
0.6476
0.6467
0.5106
0.4019
0.4019
-0.5106
-0.5719
-0.3612
0.6607
0.4588
0.6767
0.6369
0.3612
0.296
0.8986
0.5848
-0.6705
-0.2732
0.3818
0.7921
-0.1531
0.1779
0.4969
0.8788
0.4939
0.7925
0.5574
-0.4603
0.5707
-0.308
0.128
0.7074
0.3365
-0.5951
0.5093
0.4184
0.8979
0.4588
0.5983
0.8221
0.6678
0.7579
0.6988
0.4215
0.6287
0.6652
0.6688
0.5106
0.4215
-0.8681
0.8436
0.3612
0.8143
0.3804
-0.2134
-0.8126
0.8777
0.7177
-0.6597
0.83
0.9595
-0.2617
0.8802
0.6601
-0.3578
0.5106
0.9186
0.6369
0.7644
0.7249
-0.7081
0.7998
0.6052
0.9333
0.5526
-0.4023
0.6239
0.4574
0.7096
0.4497
0.34
0.7184
0.25
0.4588
0.8856
-0.5915
0.7469
0.4545
0.6114
0.5962
0.5562
0.3818
0.5612
-0.2942
-0.9222
-0.9459
-0.9529
-0.9549
-0.9549
-0.9131
-0.6988
-0.7695
-0.8047
-0.8331
-0.8331
-0.725
-0.5255
0.6776
-0.3612
-0.3612
0.7783
-0.5859
-0.4753
-0.4184
-0.34
-0.7096
0.5994
-0.4767
0.7644
0.4215
0.4466
0.1916
0.765
0.2263
0.7424
0.5622
0.4215
-0.296
0.6808
0.4773
-0.4588
0.6249
0.7003
0.4926
0.4926
-0.6369
-0.128
0.2732
0.8555
0.8591
0.802
0.7717
0.3657
0.8555
0.9485
0.4019
-0.8519
-0.2584
-0.3818
-0.8614
0.4931
-0.3089
0.8181
0.6671
-0.1759
0.8717
0.8951
0.6588
-0.5696
0.8655
0.25
0.4404
0.7579
0.4767
0.2023
0.296
0.3612
-0.5499
-0.4927
-0.3818
0.5983
-0.5719
0.8074
-0.2156
0.6369
-0.296
0.6997
0.4754
-0.4019
0.4926
0.6467
0.6114
0.6588
0.6696
0.7902
0.5707
0.636
0.6696
0.8462
0.5912
0.4574
0.2924
-0.6333
-0.2304
-0.4404
0.4559
0.7156
0.8741
0.3818
0.4885
0.3612
0.3802
-0.7783
0.8889
0.8331
0.8268
0.6249
0.6369
0.8225
0.4588
0.4215
0.2732
0.4648
0.6932
-0.3041
0.2558
0.5574
0.5423
0.7644
-0.4019
0.6249
-0.7845
0.8585
0.6166
-0.5267
0.6784
0.5267
0.7906
-0.1531
0.4588
-0.4767
-0.6605
0.6124
-0.2263
-0.3182
0.8625
0.4926
0.3291
0.6369
0.5267
0.5423
0.7783
0.8271
-0.3182
0.34
-0.2168
0.7941
0.2732
-0.6114
0.6597
0.4404
0.6124
0.6369
0.1548
0.5766
0.2732
0.5859
0.4215
0.5994
-0.4062
0.6739
0.9367
-0.631
0.3612
0.6166
-0.4939
-0.4767
0.7964
0.8973
0.8854
0.8213
0.6948
0.8507
0.5916
-0.5256
-0.5719
-0.8338
0.5994
-0.7345
0.6239
0.7269
-0.4215
0.4404
-0.7096
0.5972
0.1759
0.4215
0.6369
0.9091
0.5106
0.25
0.6764
0.7906
0.25
-0.722
0.25
0.4588
-0.4466
0.5766
-0.3804
0.4404
-0.6808
0.6297
0.1531
-0.5423
0.7983
0.34
0.8807
0.7717
0.5859
0.4404
0.8932
0.91
-0.5079
0.5242
0.8555
0.9168
0.7108
0.2023
0.2732
0.4199
0.4738
0.3595
0.5719
0.3067
0.7783
0.4588
0.3818
0.8793
-0.7452
0.7184
0.7906
0.765
0.3802
0.7773
0.8111
0.4404
0.3802
0.6461
0.9587
0.4939
-0.5267
0.3415
-0.4404
0.6249
0.3182
0.4215
0.5093
-0.5267
0.7096
0.6249
0.5994
0.3802
0.5563
-0.7184
0.6597
0.2732
0.824
0.2023
-0.552
0.632
-0.6249
0.6369
0.7096
0.5661
0.4588
0.4404
-0.5719
0.9022
0.5719
0.8481
0.7369
-0.8768
0.8779
0.6037
-0.4003
0.7184
0.3147
0.7896
0.4404
0.4588
0.3612
0.5267
-0.296
-0.4019
0.7245
0.2263
-0.6808
0.4404
0.631
0.6908
0.7574
0.9244
0.5267
-0.872
0.936
0.7783
0.9582
-0.34
0.4404
0.6369
0.9115
0.1531
0.8402
0.5229
-0.5719
-0.7608
0.4184
-0.25
0.9229
0.471
0.4588
-0.4215
0.4588
0.4404
0.926
0.2105
0.5562
0.2263
0.4215
0.6208
0.7243
0.4215
0.7717
0.7506
0.3818
0.4738
0.8091
0.4767
0.7345
-0.4404
0.8173
-0.6908
-0.4404
-0.7783
0.1002
-0.3595
0.5267
-0.644
-0.3544
-0.1779
0.5473
0.5171
-0.9151
-0.9321
-0.9355
-0.9387
-0.9417
0.7418
0.6124
0.6249
0.1154
0.785
0.4926
0.7444
-0.296
0.5719
0.6808
-0.4404
-0.296
-0.2263
0.6909
0.4404
0.7717
-0.296
0.7723
-0.8118
0.8948
-0.2732
-0.3612
0.3094
0.4215
0.5719
0.5473
-0.511
-0.3182
-0.5147
0.3804
0.4215
-0.8146
0.9027
0.8034
0.807
0.836
-0.5423
0.4215
0.807
0.5093
0.296
0.7639
0.794
0.8286
0.8225
0.7717
0.6124
0.4404
0.7494
0.7013
0.4215
0.7263
0.9365
0.3527
0.4404
0.4753
0.8402
0.3818
0.8553
0.8225
0.3818
-0.8898
-0.6705
0.6369
-0.3919
0.7177
0.2732
-0.2411
0.4215
0.8777
-0.5423
-0.296
-0.2975
-0.3736
0.8213
-0.5106
0.6808
0.7901
0.6864
0.9257
0.4019
0.5093
-0.5067
-0.6844
-0.5859
0.3818
0.743
0.3412
0.7783
0.4215
0.8176
-0.1436
-0.2732
0.5574
0.2023
0.4926
-0.152
0.5242
0.9552
0.5983
0.6696
0.4234
0.1779
0.6059
0.3182
0.8625
0.296
0.802
-0.4767
0.7003
0.7351
-0.3612
-0.7579
0.296
-0.6808
-0.4939
0.8118
-0.733
0.8217
0.9063
-0.5994
0.7096
0.2263
-0.7959
-0.949
-0.296
0.4574
0.8143
-0.34
0.743
0.5719
0.7163
0.6239
0.694
-0.4767
0.4404
-0.3034
-0.6077
-0.3612
-0.4019
-0.7177
-0.1984
0.6688
0.5093
0.8591
0.8139
0.3802
-0.6116
-0.3167
0.7731
0.9196
0.5696
-0.6124
-0.1926
0.7865
0.1922
0.6369
0.4019
-0.3612
-0.5574
0.5423
0.5574
0.4019
0.8066
0.4019
0.5994
0.5859
0.5994
0.7012
0.6988
0.4926
0.54
0.4178
0.4404
0.4939
-0.7101
-0.8555
0.2732
-0.9169
0.2732
0.5994
0.8957
0.4404
0.4404
0.5574
0.8122
0.4215
0.4404
0.2732
0.7717
0.6369
0.8176
0.3612
0.25
0.5927
0.7269
-0.5719
-0.5267
0.8316
0.4574
0.264
-0.5927
0.7871
0.6209
-0.3091
-0.4303
0.4588
0.4215
0.6808
-0.6114
0.7339
0.3291
0.4404
-0.7579
0.9001
-0.5362
0.4854
-0.4215
-0.6124
0.4404
0.7734
-0.4404
-0.8295
0.7351
0.7964
0.4215
-0.5574
0.636
0.6976
-0.1779
0.5697
0.6239
-0.323
-0.2942
0.3485
0.4404
0.9015
0.6166
-0.5574
0.8519
0.296
-0.7783
-0.6705
0.1406
-0.6031
-0.296
-0.1779
0.5719
-0.5423
0.9201
0.8126
-0.5719
-0.7351
0.1531
0.4215
0.8122
-0.25
-0.4939
0.5411
0.2942
0.802
0.3612
0.8555
0.8313
0.5859
-0.4588
0.4927
0.5859
0.7959
0.8599
0.8834
0.3716
-0.2755
0.6985
0.6209
0.1511
0.632
0.7263
0.8374
0.8225
0.6633
0.2263
0.1531
0.4767
-0.1531
0.6027
0.2023
0.5499
-0.7906
-0.6124
0.3612
-0.25
-0.3382
0.5673
0.5204
-0.7896
0.4215
0.4389
-0.3699
0.4019
0.9229
0.9345
0.9408
0.9463
0.9463
0.9341
-0.938
-0.9573
-0.9608
-0.9638
-0.9638
-0.7955
0.5093
0.4019
-0.2315
0.4404
0.5974
0.5255
0.5707
-0.264
-0.4039
0.7506
0.8343
0.5994
-0.296
0.5106
0.5473
0.8658
0.4574
0.4574
-0.5574
0.7269
0.5562
0.3182
0.4199
0.3389
0.9001
-0.4356
0.7761
0.5473
0.4588
-0.3182
0.6042
0.5106
0.5972
0.8779
0.6884
0.872
0.4019
0.5719
0.5994
0.4215
0.4199
0.636
0.5962
0.7906
0.4898
0.4199
0.5684
0.7585
0.871
0.8994
-0.6083
-0.6808
-0.7845
0.7177
0.6784
-0.7783
-0.4019
-0.4404
-0.6486
0.3612
-0.5994
-0.2263
0.7579
-0.5473
0.7469
0.5411
0.34
-0.7233
-0.1779
0.7717
-0.5927
0.8687
0.2942
0.4588
0.4086
0.8689
0.765
-0.9325
-0.4939
-0.8658
0.4588
0.8779
0.7096
0.8286
0.5766
0.4199
0.4215
0.4019
0.4291
0.5411
-0.698
0.802
-0.7065
0.4215
-0.6956
0.1779
0.7161
0.2401
0.714
0.758
0.3612
-0.4545
-0.8327
0.4981
0.6369
0.3987
0.5255
-0.2263
0.765
-0.2528
-0.7563
0.7269
0.3182
0.5962
0.8684
0.6476
0.7672
0.5811
0.4404
0.6682
0.3182
0.6369
-0.2244
-0.5423
0.6467
0.2244
0.3818
0.636
0.6597
0.5267
0.4926
0.8313
0.8689
0.862
0.6428
0.7506
-0.5411
0.8185
0.7177
0.7798
0.7096
0.7345
0.8034
0.8455
0.7959
0.6514
0.9001
0.9559
-0.1531
0.5624
0.7127
-0.6473
0.8344
0.0258
0.6249
0.4019
0.6369
0.5374
0.9116
0.8313
0.6369
-0.126
-0.354
-0.6369
-0.5719
0.784
-0.5859
0.5413
0.4588
0.3818
-0.68
0.6679
0.4926
0.3382
0.9141
-0.2732
0.4939
0.2732
-0.25
-0.8074
-0.3182
0.7027
0.6103
0.8478
0.7096
0.9113
0.4588
0.4215
0.69
0.7506
0.431
0.6909
-0.7611
0.6696
0.6571
0.5473
-0.2755
0.6808
0.802
0.8126
-0.5255
-0.6988
-0.6597
-0.5386
0.2714
0.4574
-0.3818
0.6239
-0.5859
0.4404
0.7556
-0.7901
0.5067
0.5562
-0.34
0.6103
0.6544
0.5826
0.6369
-0.5994
0.7274
0.6696
-0.7717
0.6114
0.8217
0.7184
0.2023
-0.128
0.6808
0.6993
0.3612
-0.3818
0.765
0.4404
-0.4588
0.6705
-0.3947
-0.4404
-0.2212
-0.3182
-0.8674
0.4389
0.9571
-0.765
0.2103
0.5994
-0.296
-0.3818
0.4588
0.2023
0.8221
0.7574
0.847
0.7494
0.4215
0.4019
0.4939
0.856
-0.9489
-0.34
0.6996
0.128
-0.4201
0.5267
0.2732
0.918
0.2263
-0.4939
0.25
0.4588
-0.508
0.7695
0.6505
0.7371
-0.7861
0.8172
0.9103
0.765
0.6588
0.787
0.5574
0.8242
0.875
0.8478
0.7678
0.636
-0.7114
-0.2023
0.4404
-0.5372
0.6808
-0.3818
0.6369
0.3182
0.5223
0.4404
0.4215
0.5848
0.7902
0.8263
0.3612
-0.6876
-0.5423
0.4019
0.128
-0.4767
0.7351
0.5106
0.3182
-0.34
0.4588
0.5719
0.5095
0.6166
0.3612
0.431
0.7425
0.4215
0.4404
0.7568
0.4404
-0.7124
-0.4019
-0.7579
0.6199
0.8392
0.4019
0.8748
-0.4767
0.6597
-0.438
0.6731
0.5994
0.6124
